7 49 23 8 130 122 144 128 23 109 90 65 42 92 87 53 127 79 40 112 3 19 9 107 10 33 99 78 116 85 97 26 62 67 110 33 79 49 129 21 67 122 43 36 35 95 128 91 144 7
7 23 49 8 130 122 144 128 23 109 90 65 42 92 87 53 127 79 40 112 3 19 9 107 10 33 99 78 116 85 97 26 62 67 110 33 79 49 129 21 67 122 43 36 35 95 128 91 144 7
7 23 8 49 130 122 144 128 23 109 90 65 42 92 87 53 127 79 40 112 3 19 9 107 10 33 99 78 116 85 97 26 62 67 110 33 79 49 129 21 67 122 43 36 35 95 128 91 144 7
7 23 8 49 122 130 144 128 23 109 90 65 42 92 87 53 127 79 40 112 3 19 9 107 10 33 99 78 116 85 97 26 62 67 110 33 79 49 129 21 67 122 43 36 35 95 128 91 144 7
7 23 8 49 122 130 128 144 23 109 90 65 42 92 87 53 127 79 40 112 3 19 9 107 10 33 99 78 116 85 97 26 62 67 110 33 79 49 129 21 67 122 43 36 35 95 128 91 144 7
7 23 8 49 122 130 128 23 144 109 90 65 42 92 87 53 127 79 40 112 3 19 9 107 10 33 99 78 116 85 97 26 62 67 110 33 79 49 129 21 67 122 43 36 35 95 128 91 144 7
7 23 8 49 122 130 128 23 109 144 90 65 42 92 87 53 127 79 40 112 3 19 9 107 10 33 99 78 116 85 97 26 62 67 110 33 79 49 129 21 67 122 43 36 35 95 128 91 144 7
7 23 8 49 122 130 128 23 109 90 144 65 42 92 87 53 127 79 40 112 3 19 9 107 10 33 99 78 116 85 97 26 62 67 110 33 79 49 129 21 67 122 43 36 35 95 128 91 144 7
7 23 8 49 122 130 128 23 109 90 65 144 42 92 87 53 127 79 40 112 3 19 9 107 10 33 99 78 116 85 97 26 62 67 110 33 79 49 129 21 67 122 43 36 35 95 128 91 144 7
7 23 8 49 122 130 128 23 109 90 65 42 144 92 87 53 127 79 40 112 3 19 9 107 10 33 99 78 116 85 97 26 62 67 110 33 79 49 129 21 67 122 43 36 35 95 128 91 144 7
7 23 8 49 122 130 128 23 109 90 65 42 92 144 87 53 127 79 40 112 3 19 9 107 10 33 99 78 116 85 97 26 62 67 110 33 79 49 129 21 67 122 43 36 35 95 128 91 144 7
7 23 8 49 122 130 128 23 109 90 65 42 92 87 144 53 127 79 40 112 3 19 9 107 10 33 99 78 116 85 97 26 62 67 110 33 79 49 129 21 67 122 43 36 35 95 128 91 144 7
7 23 8 49 122 130 128 23 109 90 65 42 92 87 53 144 127 79 40 112 3 19 9 107 10 33 99 78 116 85 97 26 62 67 110 33 79 49 129 21 67 122 43 36 35 95 128 91 144 7
7 23 8 49 122 130 128 23 109 90 65 42 92 87 53 127 144 79 40 112 3 19 9 107 10 33 99 78 116 85 97 26 62 67 110 33 79 49 129 21 67 122 43 36 35 95 128 91 144 7
7 23 8 49 122 130 128 23 109 90 65 42 92 87 53 127 79 144 40 112 3 19 9 107 10 33 99 78 116 85 97 26 62 67 110 33 79 49 129 21 67 122 43 36 35 95 128 91 144 7
7 23 8 49 122 130 128 23 109 90 65 42 92 87 53 127 79 40 144 112 3 19 9 107 10 33 99 78 116 85 97 26 62 67 110 33 79 49 129 21 67 122 43 36 35 95 128 91 144 7
7 23 8 49 122 130 128 23 109 90 65 42 92 87 53 127 79 40 112 144 3 19 9 107 10 33 99 78 116 85 97 26 62 67 110 33 79 49 129 21 67 122 43 36 35 95 128 91 144 7
7 23 8 49 122 130 128 23 109 90 65 42 92 87 53 127 79 40 112 3 144 19 9 107 10 33 99 78 116 85 97 26 62 67 110 33 79 49 129 21 67 122 43 36 35 95 128 91 144 7
7 23 8 49 122 130 128 23 109 90 65 42 92 87 53 127 79 40 112 3 19 144 9 107 10 33 99 78 116 85 97 26 62 67 110 33 79 49 129 21 67 122 43 36 35 95 128 91 144 7
7 23 8 49 122 130 128 23 109 90 65 42 92 87 53 127 79 40 112 3 19 9 144 107 10 33 99 78 116 85 97 26 62 67 110 33 79 49 129 21 67 122 43 36 35 95 128 91 144 7
7 23 8 49 122 130 128 23 109 90 65 42 92 87 53 127 79 40 112 3 19 9 107 144 10 33 99 78 116 85 97 26 62 67 110 33 79 49 129 21 67 122 43 36 35 95 128 91 144 7
7 23 8 49 122 130 128 23 109 90 65 42 92 87 53 127 79 40 112 3 19 9 107 10 144 33 99 78 116 85 97 26 62 67 110 33 79 49 129 21 67 122 43 36 35 95 128 91 144 7
7 23 8 49 122 130 128 23 109 90 65 42 92 87 53 127 79 40 112 3 19 9 107 10 33 144 99 78 116 85 97 26 62 67 110 33 79 49 129 21 67 122 43 36 35 95 128 91 144 7
7 23 8 49 122 130 128 23 109 90 65 42 92 87 53 127 79 40 112 3 19 9 107 10 33 99 144 78 116 85 97 26 62 67 110 33 79 49 129 21 67 122 43 36 35 95 128 91 144 7
7 23 8 49 122 130 128 23 109 90 65 42 92 87 53 127 79 40 112 3 19 9 107 10 33 99 78 144 116 85 97 26 62 67 110 33 79 49 129 21 67 122 43 36 35 95 128 91 144 7
7 23 8 49 122 130 128 23 109 90 65 42 92 87 53 127 79 40 112 3 19 9 107 10 33 99 78 116 144 85 97 26 62 67 110 33 79 49 129 21 67 122 43 36 35 95 128 91 144 7
7 23 8 49 122 130 128 23 109 90 65 42 92 87 53 127 79 40 112 3 19 9 107 10 33 99 78 116 85 144 97 26 62 67 110 33 79 49 129 21 67 122 43 36 35 95 128 91 144 7
7 23 8 49 122 130 128 23 109 90 65 42 92 87 53 127 79 40 112 3 19 9 107 10 33 99 78 116 85 97 144 26 62 67 110 33 79 49 129 21 67 122 43 36 35 95 128 91 144 7
7 23 8 49 122 130 128 23 109 90 65 42 92 87 53 127 79 40 112 3 19 9 107 10 33 99 78 116 85 97 26 144 62 67 110 33 79 49 129 21 67 122 43 36 35 95 128 91 144 7
7 23 8 49 122 130 128 23 109 90 65 42 92 87 53 127 79 40 112 3 19 9 107 10 33 99 78 116 85 97 26 62 144 67 110 33 79 49 129 21 67 122 43 36 35 95 128 91 144 7
7 23 8 49 122 130 128 23 109 90 65 42 92 87 53 127 79 40 112 3 19 9 107 10 33 99 78 116 85 97 26 62 67 144 110 33 79 49 129 21 67 122 43 36 35 95 128 91 144 7
7 23 8 49 122 130 128 23 109 90 65 42 92 87 53 127 79 40 112 3 19 9 107 10 33 99 78 116 85 97 26 62 67 110 144 33 79 49 129 21 67 122 43 36 35 95 128 91 144 7
7 23 8 49 122 130 128 23 109 90 65 42 92 87 53 127 79 40 112 3 19 9 107 10 33 99 78 116 85 97 26 62 67 110 33 144 79 49 129 21 67 122 43 36 35 95 128 91 144 7
7 23 8 49 122 130 128 23 109 90 65 42 92 87 53 127 79 40 112 3 19 9 107 10 33 99 78 116 85 97 26 62 67 110 33 79 144 49 129 21 67 122 43 36 35 95 128 91 144 7
7 23 8 49 122 130 128 23 109 90 65 42 92 87 53 127 79 40 112 3 19 9 107 10 33 99 78 116 85 97 26 62 67 110 33 79 49 144 129 21 67 122 43 36 35 95 128 91 144 7
7 23 8 49 122 130 128 23 109 90 65 42 92 87 53 127 79 40 112 3 19 9 107 10 33 99 78 116 85 97 26 62 67 110 33 79 49 129 144 21 67 122 43 36 35 95 128 91 144 7
7 23 8 49 122 130 128 23 109 90 65 42 92 87 53 127 79 40 112 3 19 9 107 10 33 99 78 116 85 97 26 62 67 110 33 79 49 129 21 144 67 122 43 36 35 95 128 91 144 7
7 23 8 49 122 130 128 23 109 90 65 42 92 87 53 127 79 40 112 3 19 9 107 10 33 99 78 116 85 97 26 62 67 110 33 79 49 129 21 67 144 122 43 36 35 95 128 91 144 7
7 23 8 49 122 130 128 23 109 90 65 42 92 87 53 127 79 40 112 3 19 9 107 10 33 99 78 116 85 97 26 62 67 110 33 79 49 129 21 67 122 144 43 36 35 95 128 91 144 7
7 23 8 49 122 130 128 23 109 90 65 42 92 87 53 127 79 40 112 3 19 9 107 10 33 99 78 116 85 97 26 62 67 110 33 79 49 129 21 67 122 43 144 36 35 95 128 91 144 7
7 23 8 49 122 130 128 23 109 90 65 42 92 87 53 127 79 40 112 3 19 9 107 10 33 99 78 116 85 97 26 62 67 110 33 79 49 129 21 67 122 43 36 144 35 95 128 91 144 7
7 23 8 49 122 130 128 23 109 90 65 42 92 87 53 127 79 40 112 3 19 9 107 10 33 99 78 116 85 97 26 62 67 110 33 79 49 129 21 67 122 43 36 35 144 95 128 91 144 7
7 23 8 49 122 130 128 23 109 90 65 42 92 87 53 127 79 40 112 3 19 9 107 10 33 99 78 116 85 97 26 62 67 110 33 79 49 129 21 67 122 43 36 35 95 144 128 91 144 7
7 23 8 49 122 130 128 23 109 90 65 42 92 87 53 127 79 40 112 3 19 9 107 10 33 99 78 116 85 97 26 62 67 110 33 79 49 129 21 67 122 43 36 35 95 128 144 91 144 7
7 23 8 49 122 130 128 23 109 90 65 42 92 87 53 127 79 40 112 3 19 9 107 10 33 99 78 116 85 97 26 62 67 110 33 79 49 129 21 67 122 43 36 35 95 128 91 144 144 7
7 23 8 49 122 130 128 23 109 90 65 42 92 87 53 127 79 40 112 3 19 9 107 10 33 99 78 116 85 97 26 62 67 110 33 79 49 129 21 67 122 43 36 35 95 128 91 144 7 144
7 8 23 49 122 130 128 23 109 90 65 42 92 87 53 127 79 40 112 3 19 9 107 10 33 99 78 116 85 97 26 62 67 110 33 79 49 129 21 67 122 43 36 35 95 128 91 144 7 144
7 8 23 49 122 128 130 23 109 90 65 42 92 87 53 127 79 40 112 3 19 9 107 10 33 99 78 116 85 97 26 62 67 110 33 79 49 129 21 67 122 43 36 35 95 128 91 144 7 144
7 8 23 49 122 128 23 130 109 90 65 42 92 87 53 127 79 40 112 3 19 9 107 10 33 99 78 116 85 97 26 62 67 110 33 79 49 129 21 67 122 43 36 35 95 128 91 144 7 144
7 8 23 49 122 128 23 109 130 90 65 42 92 87 53 127 79 40 112 3 19 9 107 10 33 99 78 116 85 97 26 62 67 110 33 79 49 129 21 67 122 43 36 35 95 128 91 144 7 144
7 8 23 49 122 128 23 109 90 130 65 42 92 87 53 127 79 40 112 3 19 9 107 10 33 99 78 116 85 97 26 62 67 110 33 79 49 129 21 67 122 43 36 35 95 128 91 144 7 144
7 8 23 49 122 128 23 109 90 65 130 42 92 87 53 127 79 40 112 3 19 9 107 10 33 99 78 116 85 97 26 62 67 110 33 79 49 129 21 67 122 43 36 35 95 128 91 144 7 144
7 8 23 49 122 128 23 109 90 65 42 130 92 87 53 127 79 40 112 3 19 9 107 10 33 99 78 116 85 97 26 62 67 110 33 79 49 129 21 67 122 43 36 35 95 128 91 144 7 144
7 8 23 49 122 128 23 109 90 65 42 92 130 87 53 127 79 40 112 3 19 9 107 10 33 99 78 116 85 97 26 62 67 110 33 79 49 129 21 67 122 43 36 35 95 128 91 144 7 144
7 8 23 49 122 128 23 109 90 65 42 92 87 130 53 127 79 40 112 3 19 9 107 10 33 99 78 116 85 97 26 62 67 110 33 79 49 129 21 67 122 43 36 35 95 128 91 144 7 144
7 8 23 49 122 128 23 109 90 65 42 92 87 53 130 127 79 40 112 3 19 9 107 10 33 99 78 116 85 97 26 62 67 110 33 79 49 129 21 67 122 43 36 35 95 128 91 144 7 144
7 8 23 49 122 128 23 109 90 65 42 92 87 53 127 130 79 40 112 3 19 9 107 10 33 99 78 116 85 97 26 62 67 110 33 79 49 129 21 67 122 43 36 35 95 128 91 144 7 144
7 8 23 49 122 128 23 109 90 65 42 92 87 53 127 79 130 40 112 3 19 9 107 10 33 99 78 116 85 97 26 62 67 110 33 79 49 129 21 67 122 43 36 35 95 128 91 144 7 144
7 8 23 49 122 128 23 109 90 65 42 92 87 53 127 79 40 130 112 3 19 9 107 10 33 99 78 116 85 97 26 62 67 110 33 79 49 129 21 67 122 43 36 35 95 128 91 144 7 144
7 8 23 49 122 128 23 109 90 65 42 92 87 53 127 79 40 112 130 3 19 9 107 10 33 99 78 116 85 97 26 62 67 110 33 79 49 129 21 67 122 43 36 35 95 128 91 144 7 144
7 8 23 49 122 128 23 109 90 65 42 92 87 53 127 79 40 112 3 130 19 9 107 10 33 99 78 116 85 97 26 62 67 110 33 79 49 129 21 67 122 43 36 35 95 128 91 144 7 144
7 8 23 49 122 128 23 109 90 65 42 92 87 53 127 79 40 112 3 19 130 9 107 10 33 99 78 116 85 97 26 62 67 110 33 79 49 129 21 67 122 43 36 35 95 128 91 144 7 144
7 8 23 49 122 128 23 109 90 65 42 92 87 53 127 79 40 112 3 19 9 130 107 10 33 99 78 116 85 97 26 62 67 110 33 79 49 129 21 67 122 43 36 35 95 128 91 144 7 144
7 8 23 49 122 128 23 109 90 65 42 92 87 53 127 79 40 112 3 19 9 107 130 10 33 99 78 116 85 97 26 62 67 110 33 79 49 129 21 67 122 43 36 35 95 128 91 144 7 144
7 8 23 49 122 128 23 109 90 65 42 92 87 53 127 79 40 112 3 19 9 107 10 130 33 99 78 116 85 97 26 62 67 110 33 79 49 129 21 67 122 43 36 35 95 128 91 144 7 144
7 8 23 49 122 128 23 109 90 65 42 92 87 53 127 79 40 112 3 19 9 107 10 33 130 99 78 116 85 97 26 62 67 110 33 79 49 129 21 67 122 43 36 35 95 128 91 144 7 144
7 8 23 49 122 128 23 109 90 65 42 92 87 53 127 79 40 112 3 19 9 107 10 33 99 130 78 116 85 97 26 62 67 110 33 79 49 129 21 67 122 43 36 35 95 128 91 144 7 144
7 8 23 49 122 128 23 109 90 65 42 92 87 53 127 79 40 112 3 19 9 107 10 33 99 78 130 116 85 97 26 62 67 110 33 79 49 129 21 67 122 43 36 35 95 128 91 144 7 144
7 8 23 49 122 128 23 109 90 65 42 92 87 53 127 79 40 112 3 19 9 107 10 33 99 78 116 130 85 97 26 62 67 110 33 79 49 129 21 67 122 43 36 35 95 128 91 144 7 144
7 8 23 49 122 128 23 109 90 65 42 92 87 53 127 79 40 112 3 19 9 107 10 33 99 78 116 85 130 97 26 62 67 110 33 79 49 129 21 67 122 43 36 35 95 128 91 144 7 144
7 8 23 49 122 128 23 109 90 65 42 92 87 53 127 79 40 112 3 19 9 107 10 33 99 78 116 85 97 130 26 62 67 110 33 79 49 129 21 67 122 43 36 35 95 128 91 144 7 144
7 8 23 49 122 128 23 109 90 65 42 92 87 53 127 79 40 112 3 19 9 107 10 33 99 78 116 85 97 26 130 62 67 110 33 79 49 129 21 67 122 43 36 35 95 128 91 144 7 144
7 8 23 49 122 128 23 109 90 65 42 92 87 53 127 79 40 112 3 19 9 107 10 33 99 78 116 85 97 26 62 130 67 110 33 79 49 129 21 67 122 43 36 35 95 128 91 144 7 144
7 8 23 49 122 128 23 109 90 65 42 92 87 53 127 79 40 112 3 19 9 107 10 33 99 78 116 85 97 26 62 67 130 110 33 79 49 129 21 67 122 43 36 35 95 128 91 144 7 144
7 8 23 49 122 128 23 109 90 65 42 92 87 53 127 79 40 112 3 19 9 107 10 33 99 78 116 85 97 26 62 67 110 130 33 79 49 129 21 67 122 43 36 35 95 128 91 144 7 144
7 8 23 49 122 128 23 109 90 65 42 92 87 53 127 79 40 112 3 19 9 107 10 33 99 78 116 85 97 26 62 67 110 33 130 79 49 129 21 67 122 43 36 35 95 128 91 144 7 144
7 8 23 49 122 128 23 109 90 65 42 92 87 53 127 79 40 112 3 19 9 107 10 33 99 78 116 85 97 26 62 67 110 33 79 130 49 129 21 67 122 43 36 35 95 128 91 144 7 144
7 8 23 49 122 128 23 109 90 65 42 92 87 53 127 79 40 112 3 19 9 107 10 33 99 78 116 85 97 26 62 67 110 33 79 49 130 129 21 67 122 43 36 35 95 128 91 144 7 144
7 8 23 49 122 128 23 109 90 65 42 92 87 53 127 79 40 112 3 19 9 107 10 33 99 78 116 85 97 26 62 67 110 33 79 49 129 130 21 67 122 43 36 35 95 128 91 144 7 144
7 8 23 49 122 128 23 109 90 65 42 92 87 53 127 79 40 112 3 19 9 107 10 33 99 78 116 85 97 26 62 67 110 33 79 49 129 21 130 67 122 43 36 35 95 128 91 144 7 144
7 8 23 49 122 128 23 109 90 65 42 92 87 53 127 79 40 112 3 19 9 107 10 33 99 78 116 85 97 26 62 67 110 33 79 49 129 21 67 130 122 43 36 35 95 128 91 144 7 144
7 8 23 49 122 128 23 109 90 65 42 92 87 53 127 79 40 112 3 19 9 107 10 33 99 78 116 85 97 26 62 67 110 33 79 49 129 21 67 122 130 43 36 35 95 128 91 144 7 144
7 8 23 49 122 128 23 109 90 65 42 92 87 53 127 79 40 112 3 19 9 107 10 33 99 78 116 85 97 26 62 67 110 33 79 49 129 21 67 122 43 130 36 35 95 128 91 144 7 144
7 8 23 49 122 128 23 109 90 65 42 92 87 53 127 79 40 112 3 19 9 107 10 33 99 78 116 85 97 26 62 67 110 33 79 49 129 21 67 122 43 36 130 35 95 128 91 144 7 144
7 8 23 49 122 128 23 109 90 65 42 92 87 53 127 79 40 112 3 19 9 107 10 33 99 78 116 85 97 26 62 67 110 33 79 49 129 21 67 122 43 36 35 130 95 128 91 144 7 144
7 8 23 49 122 128 23 109 90 65 42 92 87 53 127 79 40 112 3 19 9 107 10 33 99 78 116 85 97 26 62 67 110 33 79 49 129 21 67 122 43 36 35 95 130 128 91 144 7 144
7 8 23 49 122 128 23 109 90 65 42 92 87 53 127 79 40 112 3 19 9 107 10 33 99 78 116 85 97 26 62 67 110 33 79 49 129 21 67 122 43 36 35 95 128 130 91 144 7 144
7 8 23 49 122 128 23 109 90 65 42 92 87 53 127 79 40 112 3 19 9 107 10 33 99 78 116 85 97 26 62 67 110 33 79 49 129 21 67 122 43 36 35 95 128 91 130 144 7 144
7 8 23 49 122 128 23 109 90 65 42 92 87 53 127 79 40 112 3 19 9 107 10 33 99 78 116 85 97 26 62 67 110 33 79 49 129 21 67 122 43 36 35 95 128 91 130 7 144 144
7 8 23 49 122 23 128 109 90 65 42 92 87 53 127 79 40 112 3 19 9 107 10 33 99 78 116 85 97 26 62 67 110 33 79 49 129 21 67 122 43 36 35 95 128 91 130 7 144 144
7 8 23 49 122 23 109 128 90 65 42 92 87 53 127 79 40 112 3 19 9 107 10 33 99 78 116 85 97 26 62 67 110 33 79 49 129 21 67 122 43 36 35 95 128 91 130 7 144 144
7 8 23 49 122 23 109 90 128 65 42 92 87 53 127 79 40 112 3 19 9 107 10 33 99 78 116 85 97 26 62 67 110 33 79 49 129 21 67 122 43 36 35 95 128 91 130 7 144 144
7 8 23 49 122 23 109 90 65 128 42 92 87 53 127 79 40 112 3 19 9 107 10 33 99 78 116 85 97 26 62 67 110 33 79 49 129 21 67 122 43 36 35 95 128 91 130 7 144 144
7 8 23 49 122 23 109 90 65 42 128 92 87 53 127 79 40 112 3 19 9 107 10 33 99 78 116 85 97 26 62 67 110 33 79 49 129 21 67 122 43 36 35 95 128 91 130 7 144 144
7 8 23 49 122 23 109 90 65 42 92 128 87 53 127 79 40 112 3 19 9 107 10 33 99 78 116 85 97 26 62 67 110 33 79 49 129 21 67 122 43 36 35 95 128 91 130 7 144 144
7 8 23 49 122 23 109 90 65 42 92 87 128 53 127 79 40 112 3 19 9 107 10 33 99 78 116 85 97 26 62 67 110 33 79 49 129 21 67 122 43 36 35 95 128 91 130 7 144 144
7 8 23 49 122 23 109 90 65 42 92 87 53 128 127 79 40 112 3 19 9 107 10 33 99 78 116 85 97 26 62 67 110 33 79 49 129 21 67 122 43 36 35 95 128 91 130 7 144 144
7 8 23 49 122 23 109 90 65 42 92 87 53 127 128 79 40 112 3 19 9 107 10 33 99 78 116 85 97 26 62 67 110 33 79 49 129 21 67 122 43 36 35 95 128 91 130 7 144 144
7 8 23 49 122 23 109 90 65 42 92 87 53 127 79 128 40 112 3 19 9 107 10 33 99 78 116 85 97 26 62 67 110 33 79 49 129 21 67 122 43 36 35 95 128 91 130 7 144 144
7 8 23 49 122 23 109 90 65 42 92 87 53 127 79 40 128 112 3 19 9 107 10 33 99 78 116 85 97 26 62 67 110 33 79 49 129 21 67 122 43 36 35 95 128 91 130 7 144 144
7 8 23 49 122 23 109 90 65 42 92 87 53 127 79 40 112 128 3 19 9 107 10 33 99 78 116 85 97 26 62 67 110 33 79 49 129 21 67 122 43 36 35 95 128 91 130 7 144 144
7 8 23 49 122 23 109 90 65 42 92 87 53 127 79 40 112 3 128 19 9 107 10 33 99 78 116 85 97 26 62 67 110 33 79 49 129 21 67 122 43 36 35 95 128 91 130 7 144 144
7 8 23 49 122 23 109 90 65 42 92 87 53 127 79 40 112 3 19 128 9 107 10 33 99 78 116 85 97 26 62 67 110 33 79 49 129 21 67 122 43 36 35 95 128 91 130 7 144 144
7 8 23 49 122 23 109 90 65 42 92 87 53 127 79 40 112 3 19 9 128 107 10 33 99 78 116 85 97 26 62 67 110 33 79 49 129 21 67 122 43 36 35 95 128 91 130 7 144 144
7 8 23 49 122 23 109 90 65 42 92 87 53 127 79 40 112 3 19 9 107 128 10 33 99 78 116 85 97 26 62 67 110 33 79 49 129 21 67 122 43 36 35 95 128 91 130 7 144 144
7 8 23 49 122 23 109 90 65 42 92 87 53 127 79 40 112 3 19 9 107 10 128 33 99 78 116 85 97 26 62 67 110 33 79 49 129 21 67 122 43 36 35 95 128 91 130 7 144 144
7 8 23 49 122 23 109 90 65 42 92 87 53 127 79 40 112 3 19 9 107 10 33 128 99 78 116 85 97 26 62 67 110 33 79 49 129 21 67 122 43 36 35 95 128 91 130 7 144 144
7 8 23 49 122 23 109 90 65 42 92 87 53 127 79 40 112 3 19 9 107 10 33 99 128 78 116 85 97 26 62 67 110 33 79 49 129 21 67 122 43 36 35 95 128 91 130 7 144 144
7 8 23 49 122 23 109 90 65 42 92 87 53 127 79 40 112 3 19 9 107 10 33 99 78 128 116 85 97 26 62 67 110 33 79 49 129 21 67 122 43 36 35 95 128 91 130 7 144 144
7 8 23 49 122 23 109 90 65 42 92 87 53 127 79 40 112 3 19 9 107 10 33 99 78 116 128 85 97 26 62 67 110 33 79 49 129 21 67 122 43 36 35 95 128 91 130 7 144 144
7 8 23 49 122 23 109 90 65 42 92 87 53 127 79 40 112 3 19 9 107 10 33 99 78 116 85 128 97 26 62 67 110 33 79 49 129 21 67 122 43 36 35 95 128 91 130 7 144 144
7 8 23 49 122 23 109 90 65 42 92 87 53 127 79 40 112 3 19 9 107 10 33 99 78 116 85 97 128 26 62 67 110 33 79 49 129 21 67 122 43 36 35 95 128 91 130 7 144 144
7 8 23 49 122 23 109 90 65 42 92 87 53 127 79 40 112 3 19 9 107 10 33 99 78 116 85 97 26 128 62 67 110 33 79 49 129 21 67 122 43 36 35 95 128 91 130 7 144 144
7 8 23 49 122 23 109 90 65 42 92 87 53 127 79 40 112 3 19 9 107 10 33 99 78 116 85 97 26 62 128 67 110 33 79 49 129 21 67 122 43 36 35 95 128 91 130 7 144 144
7 8 23 49 122 23 109 90 65 42 92 87 53 127 79 40 112 3 19 9 107 10 33 99 78 116 85 97 26 62 67 128 110 33 79 49 129 21 67 122 43 36 35 95 128 91 130 7 144 144
7 8 23 49 122 23 109 90 65 42 92 87 53 127 79 40 112 3 19 9 107 10 33 99 78 116 85 97 26 62 67 110 128 33 79 49 129 21 67 122 43 36 35 95 128 91 130 7 144 144
7 8 23 49 122 23 109 90 65 42 92 87 53 127 79 40 112 3 19 9 107 10 33 99 78 116 85 97 26 62 67 110 33 128 79 49 129 21 67 122 43 36 35 95 128 91 130 7 144 144
7 8 23 49 122 23 109 90 65 42 92 87 53 127 79 40 112 3 19 9 107 10 33 99 78 116 85 97 26 62 67 110 33 79 128 49 129 21 67 122 43 36 35 95 128 91 130 7 144 144
7 8 23 49 122 23 109 90 65 42 92 87 53 127 79 40 112 3 19 9 107 10 33 99 78 116 85 97 26 62 67 110 33 79 49 128 129 21 67 122 43 36 35 95 128 91 130 7 144 144
7 8 23 49 122 23 109 90 65 42 92 87 53 127 79 40 112 3 19 9 107 10 33 99 78 116 85 97 26 62 67 110 33 79 49 128 21 129 67 122 43 36 35 95 128 91 130 7 144 144
7 8 23 49 122 23 109 90 65 42 92 87 53 127 79 40 112 3 19 9 107 10 33 99 78 116 85 97 26 62 67 110 33 79 49 128 21 67 129 122 43 36 35 95 128 91 130 7 144 144
7 8 23 49 122 23 109 90 65 42 92 87 53 127 79 40 112 3 19 9 107 10 33 99 78 116 85 97 26 62 67 110 33 79 49 128 21 67 122 129 43 36 35 95 128 91 130 7 144 144
7 8 23 49 122 23 109 90 65 42 92 87 53 127 79 40 112 3 19 9 107 10 33 99 78 116 85 97 26 62 67 110 33 79 49 128 21 67 122 43 129 36 35 95 128 91 130 7 144 144
7 8 23 49 122 23 109 90 65 42 92 87 53 127 79 40 112 3 19 9 107 10 33 99 78 116 85 97 26 62 67 110 33 79 49 128 21 67 122 43 36 129 35 95 128 91 130 7 144 144
7 8 23 49 122 23 109 90 65 42 92 87 53 127 79 40 112 3 19 9 107 10 33 99 78 116 85 97 26 62 67 110 33 79 49 128 21 67 122 43 36 35 129 95 128 91 130 7 144 144
7 8 23 49 122 23 109 90 65 42 92 87 53 127 79 40 112 3 19 9 107 10 33 99 78 116 85 97 26 62 67 110 33 79 49 128 21 67 122 43 36 35 95 129 128 91 130 7 144 144
7 8 23 49 122 23 109 90 65 42 92 87 53 127 79 40 112 3 19 9 107 10 33 99 78 116 85 97 26 62 67 110 33 79 49 128 21 67 122 43 36 35 95 128 129 91 130 7 144 144
7 8 23 49 122 23 109 90 65 42 92 87 53 127 79 40 112 3 19 9 107 10 33 99 78 116 85 97 26 62 67 110 33 79 49 128 21 67 122 43 36 35 95 128 91 129 130 7 144 144
7 8 23 49 122 23 109 90 65 42 92 87 53 127 79 40 112 3 19 9 107 10 33 99 78 116 85 97 26 62 67 110 33 79 49 128 21 67 122 43 36 35 95 128 91 129 7 130 144 144
7 8 23 49 23 122 109 90 65 42 92 87 53 127 79 40 112 3 19 9 107 10 33 99 78 116 85 97 26 62 67 110 33 79 49 128 21 67 122 43 36 35 95 128 91 129 7 130 144 144
7 8 23 49 23 109 122 90 65 42 92 87 53 127 79 40 112 3 19 9 107 10 33 99 78 116 85 97 26 62 67 110 33 79 49 128 21 67 122 43 36 35 95 128 91 129 7 130 144 144
7 8 23 49 23 109 90 122 65 42 92 87 53 127 79 40 112 3 19 9 107 10 33 99 78 116 85 97 26 62 67 110 33 79 49 128 21 67 122 43 36 35 95 128 91 129 7 130 144 144
7 8 23 49 23 109 90 65 122 42 92 87 53 127 79 40 112 3 19 9 107 10 33 99 78 116 85 97 26 62 67 110 33 79 49 128 21 67 122 43 36 35 95 128 91 129 7 130 144 144
7 8 23 49 23 109 90 65 42 122 92 87 53 127 79 40 112 3 19 9 107 10 33 99 78 116 85 97 26 62 67 110 33 79 49 128 21 67 122 43 36 35 95 128 91 129 7 130 144 144
7 8 23 49 23 109 90 65 42 92 122 87 53 127 79 40 112 3 19 9 107 10 33 99 78 116 85 97 26 62 67 110 33 79 49 128 21 67 122 43 36 35 95 128 91 129 7 130 144 144
7 8 23 49 23 109 90 65 42 92 87 122 53 127 79 40 112 3 19 9 107 10 33 99 78 116 85 97 26 62 67 110 33 79 49 128 21 67 122 43 36 35 95 128 91 129 7 130 144 144
7 8 23 49 23 109 90 65 42 92 87 53 122 127 79 40 112 3 19 9 107 10 33 99 78 116 85 97 26 62 67 110 33 79 49 128 21 67 122 43 36 35 95 128 91 129 7 130 144 144
7 8 23 49 23 109 90 65 42 92 87 53 122 79 127 40 112 3 19 9 107 10 33 99 78 116 85 97 26 62 67 110 33 79 49 128 21 67 122 43 36 35 95 128 91 129 7 130 144 144
7 8 23 49 23 109 90 65 42 92 87 53 122 79 40 127 112 3 19 9 107 10 33 99 78 116 85 97 26 62 67 110 33 79 49 128 21 67 122 43 36 35 95 128 91 129 7 130 144 144
7 8 23 49 23 109 90 65 42 92 87 53 122 79 40 112 127 3 19 9 107 10 33 99 78 116 85 97 26 62 67 110 33 79 49 128 21 67 122 43 36 35 95 128 91 129 7 130 144 144
7 8 23 49 23 109 90 65 42 92 87 53 122 79 40 112 3 127 19 9 107 10 33 99 78 116 85 97 26 62 67 110 33 79 49 128 21 67 122 43 36 35 95 128 91 129 7 130 144 144
7 8 23 49 23 109 90 65 42 92 87 53 122 79 40 112 3 19 127 9 107 10 33 99 78 116 85 97 26 62 67 110 33 79 49 128 21 67 122 43 36 35 95 128 91 129 7 130 144 144
7 8 23 49 23 109 90 65 42 92 87 53 122 79 40 112 3 19 9 127 107 10 33 99 78 116 85 97 26 62 67 110 33 79 49 128 21 67 122 43 36 35 95 128 91 129 7 130 144 144
7 8 23 49 23 109 90 65 42 92 87 53 122 79 40 112 3 19 9 107 127 10 33 99 78 116 85 97 26 62 67 110 33 79 49 128 21 67 122 43 36 35 95 128 91 129 7 130 144 144
7 8 23 49 23 109 90 65 42 92 87 53 122 79 40 112 3 19 9 107 10 127 33 99 78 116 85 97 26 62 67 110 33 79 49 128 21 67 122 43 36 35 95 128 91 129 7 130 144 144
7 8 23 49 23 109 90 65 42 92 87 53 122 79 40 112 3 19 9 107 10 33 127 99 78 116 85 97 26 62 67 110 33 79 49 128 21 67 122 43 36 35 95 128 91 129 7 130 144 144
7 8 23 49 23 109 90 65 42 92 87 53 122 79 40 112 3 19 9 107 10 33 99 127 78 116 85 97 26 62 67 110 33 79 49 128 21 67 122 43 36 35 95 128 91 129 7 130 144 144
7 8 23 49 23 109 90 65 42 92 87 53 122 79 40 112 3 19 9 107 10 33 99 78 127 116 85 97 26 62 67 110 33 79 49 128 21 67 122 43 36 35 95 128 91 129 7 130 144 144
7 8 23 49 23 109 90 65 42 92 87 53 122 79 40 112 3 19 9 107 10 33 99 78 116 127 85 97 26 62 67 110 33 79 49 128 21 67 122 43 36 35 95 128 91 129 7 130 144 144
7 8 23 49 23 109 90 65 42 92 87 53 122 79 40 112 3 19 9 107 10 33 99 78 116 85 127 97 26 62 67 110 33 79 49 128 21 67 122 43 36 35 95 128 91 129 7 130 144 144
7 8 23 49 23 109 90 65 42 92 87 53 122 79 40 112 3 19 9 107 10 33 99 78 116 85 97 127 26 62 67 110 33 79 49 128 21 67 122 43 36 35 95 128 91 129 7 130 144 144
7 8 23 49 23 109 90 65 42 92 87 53 122 79 40 112 3 19 9 107 10 33 99 78 116 85 97 26 127 62 67 110 33 79 49 128 21 67 122 43 36 35 95 128 91 129 7 130 144 144
7 8 23 49 23 109 90 65 42 92 87 53 122 79 40 112 3 19 9 107 10 33 99 78 116 85 97 26 62 127 67 110 33 79 49 128 21 67 122 43 36 35 95 128 91 129 7 130 144 144
7 8 23 49 23 109 90 65 42 92 87 53 122 79 40 112 3 19 9 107 10 33 99 78 116 85 97 26 62 67 127 110 33 79 49 128 21 67 122 43 36 35 95 128 91 129 7 130 144 144
7 8 23 49 23 109 90 65 42 92 87 53 122 79 40 112 3 19 9 107 10 33 99 78 116 85 97 26 62 67 110 127 33 79 49 128 21 67 122 43 36 35 95 128 91 129 7 130 144 144
7 8 23 49 23 109 90 65 42 92 87 53 122 79 40 112 3 19 9 107 10 33 99 78 116 85 97 26 62 67 110 33 127 79 49 128 21 67 122 43 36 35 95 128 91 129 7 130 144 144
7 8 23 49 23 109 90 65 42 92 87 53 122 79 40 112 3 19 9 107 10 33 99 78 116 85 97 26 62 67 110 33 79 127 49 128 21 67 122 43 36 35 95 128 91 129 7 130 144 144
7 8 23 49 23 109 90 65 42 92 87 53 122 79 40 112 3 19 9 107 10 33 99 78 116 85 97 26 62 67 110 33 79 49 127 128 21 67 122 43 36 35 95 128 91 129 7 130 144 144
7 8 23 49 23 109 90 65 42 92 87 53 122 79 40 112 3 19 9 107 10 33 99 78 116 85 97 26 62 67 110 33 79 49 127 21 128 67 122 43 36 35 95 128 91 129 7 130 144 144
7 8 23 49 23 109 90 65 42 92 87 53 122 79 40 112 3 19 9 107 10 33 99 78 116 85 97 26 62 67 110 33 79 49 127 21 67 128 122 43 36 35 95 128 91 129 7 130 144 144
7 8 23 49 23 109 90 65 42 92 87 53 122 79 40 112 3 19 9 107 10 33 99 78 116 85 97 26 62 67 110 33 79 49 127 21 67 122 128 43 36 35 95 128 91 129 7 130 144 144
7 8 23 49 23 109 90 65 42 92 87 53 122 79 40 112 3 19 9 107 10 33 99 78 116 85 97 26 62 67 110 33 79 49 127 21 67 122 43 128 36 35 95 128 91 129 7 130 144 144
7 8 23 49 23 109 90 65 42 92 87 53 122 79 40 112 3 19 9 107 10 33 99 78 116 85 97 26 62 67 110 33 79 49 127 21 67 122 43 36 128 35 95 128 91 129 7 130 144 144
7 8 23 49 23 109 90 65 42 92 87 53 122 79 40 112 3 19 9 107 10 33 99 78 116 85 97 26 62 67 110 33 79 49 127 21 67 122 43 36 35 128 95 128 91 129 7 130 144 144
7 8 23 49 23 109 90 65 42 92 87 53 122 79 40 112 3 19 9 107 10 33 99 78 116 85 97 26 62 67 110 33 79 49 127 21 67 122 43 36 35 95 128 128 91 129 7 130 144 144
7 8 23 49 23 109 90 65 42 92 87 53 122 79 40 112 3 19 9 107 10 33 99 78 116 85 97 26 62 67 110 33 79 49 127 21 67 122 43 36 35 95 128 91 128 129 7 130 144 144
7 8 23 49 23 109 90 65 42 92 87 53 122 79 40 112 3 19 9 107 10 33 99 78 116 85 97 26 62 67 110 33 79 49 127 21 67 122 43 36 35 95 128 91 128 7 129 130 144 144
7 8 23 23 49 109 90 65 42 92 87 53 122 79 40 112 3 19 9 107 10 33 99 78 116 85 97 26 62 67 110 33 79 49 127 21 67 122 43 36 35 95 128 91 128 7 129 130 144 144
7 8 23 23 49 90 109 65 42 92 87 53 122 79 40 112 3 19 9 107 10 33 99 78 116 85 97 26 62 67 110 33 79 49 127 21 67 122 43 36 35 95 128 91 128 7 129 130 144 144
7 8 23 23 49 90 65 109 42 92 87 53 122 79 40 112 3 19 9 107 10 33 99 78 116 85 97 26 62 67 110 33 79 49 127 21 67 122 43 36 35 95 128 91 128 7 129 130 144 144
7 8 23 23 49 90 65 42 109 92 87 53 122 79 40 112 3 19 9 107 10 33 99 78 116 85 97 26 62 67 110 33 79 49 127 21 67 122 43 36 35 95 128 91 128 7 129 130 144 144
7 8 23 23 49 90 65 42 92 109 87 53 122 79 40 112 3 19 9 107 10 33 99 78 116 85 97 26 62 67 110 33 79 49 127 21 67 122 43 36 35 95 128 91 128 7 129 130 144 144
7 8 23 23 49 90 65 42 92 87 109 53 122 79 40 112 3 19 9 107 10 33 99 78 116 85 97 26 62 67 110 33 79 49 127 21 67 122 43 36 35 95 128 91 128 7 129 130 144 144
7 8 23 23 49 90 65 42 92 87 53 109 122 79 40 112 3 19 9 107 10 33 99 78 116 85 97 26 62 67 110 33 79 49 127 21 67 122 43 36 35 95 128 91 128 7 129 130 144 144
7 8 23 23 49 90 65 42 92 87 53 109 79 122 40 112 3 19 9 107 10 33 99 78 116 85 97 26 62 67 110 33 79 49 127 21 67 122 43 36 35 95 128 91 128 7 129 130 144 144
7 8 23 23 49 90 65 42 92 87 53 109 79 40 122 112 3 19 9 107 10 33 99 78 116 85 97 26 62 67 110 33 79 49 127 21 67 122 43 36 35 95 128 91 128 7 129 130 144 144
7 8 23 23 49 90 65 42 92 87 53 109 79 40 112 122 3 19 9 107 10 33 99 78 116 85 97 26 62 67 110 33 79 49 127 21 67 122 43 36 35 95 128 91 128 7 129 130 144 144
7 8 23 23 49 90 65 42 92 87 53 109 79 40 112 3 122 19 9 107 10 33 99 78 116 85 97 26 62 67 110 33 79 49 127 21 67 122 43 36 35 95 128 91 128 7 129 130 144 144
7 8 23 23 49 90 65 42 92 87 53 109 79 40 112 3 19 122 9 107 10 33 99 78 116 85 97 26 62 67 110 33 79 49 127 21 67 122 43 36 35 95 128 91 128 7 129 130 144 144
7 8 23 23 49 90 65 42 92 87 53 109 79 40 112 3 19 9 122 107 10 33 99 78 116 85 97 26 62 67 110 33 79 49 127 21 67 122 43 36 35 95 128 91 128 7 129 130 144 144
7 8 23 23 49 90 65 42 92 87 53 109 79 40 112 3 19 9 107 122 10 33 99 78 116 85 97 26 62 67 110 33 79 49 127 21 67 122 43 36 35 95 128 91 128 7 129 130 144 144
7 8 23 23 49 90 65 42 92 87 53 109 79 40 112 3 19 9 107 10 122 33 99 78 116 85 97 26 62 67 110 33 79 49 127 21 67 122 43 36 35 95 128 91 128 7 129 130 144 144
7 8 23 23 49 90 65 42 92 87 53 109 79 40 112 3 19 9 107 10 33 122 99 78 116 85 97 26 62 67 110 33 79 49 127 21 67 122 43 36 35 95 128 91 128 7 129 130 144 144
7 8 23 23 49 90 65 42 92 87 53 109 79 40 112 3 19 9 107 10 33 99 122 78 116 85 97 26 62 67 110 33 79 49 127 21 67 122 43 36 35 95 128 91 128 7 129 130 144 144
7 8 23 23 49 90 65 42 92 87 53 109 79 40 112 3 19 9 107 10 33 99 78 122 116 85 97 26 62 67 110 33 79 49 127 21 67 122 43 36 35 95 128 91 128 7 129 130 144 144
7 8 23 23 49 90 65 42 92 87 53 109 79 40 112 3 19 9 107 10 33 99 78 116 122 85 97 26 62 67 110 33 79 49 127 21 67 122 43 36 35 95 128 91 128 7 129 130 144 144
7 8 23 23 49 90 65 42 92 87 53 109 79 40 112 3 19 9 107 10 33 99 78 116 85 122 97 26 62 67 110 33 79 49 127 21 67 122 43 36 35 95 128 91 128 7 129 130 144 144
7 8 23 23 49 90 65 42 92 87 53 109 79 40 112 3 19 9 107 10 33 99 78 116 85 97 122 26 62 67 110 33 79 49 127 21 67 122 43 36 35 95 128 91 128 7 129 130 144 144
7 8 23 23 49 90 65 42 92 87 53 109 79 40 112 3 19 9 107 10 33 99 78 116 85 97 26 122 62 67 110 33 79 49 127 21 67 122 43 36 35 95 128 91 128 7 129 130 144 144
7 8 23 23 49 90 65 42 92 87 53 109 79 40 112 3 19 9 107 10 33 99 78 116 85 97 26 62 122 67 110 33 79 49 127 21 67 122 43 36 35 95 128 91 128 7 129 130 144 144
7 8 23 23 49 90 65 42 92 87 53 109 79 40 112 3 19 9 107 10 33 99 78 116 85 97 26 62 67 122 110 33 79 49 127 21 67 122 43 36 35 95 128 91 128 7 129 130 144 144
7 8 23 23 49 90 65 42 92 87 53 109 79 40 112 3 19 9 107 10 33 99 78 116 85 97 26 62 67 110 122 33 79 49 127 21 67 122 43 36 35 95 128 91 128 7 129 130 144 144
7 8 23 23 49 90 65 42 92 87 53 109 79 40 112 3 19 9 107 10 33 99 78 116 85 97 26 62 67 110 33 122 79 49 127 21 67 122 43 36 35 95 128 91 128 7 129 130 144 144
7 8 23 23 49 90 65 42 92 87 53 109 79 40 112 3 19 9 107 10 33 99 78 116 85 97 26 62 67 110 33 79 122 49 127 21 67 122 43 36 35 95 128 91 128 7 129 130 144 144
7 8 23 23 49 90 65 42 92 87 53 109 79 40 112 3 19 9 107 10 33 99 78 116 85 97 26 62 67 110 33 79 49 122 127 21 67 122 43 36 35 95 128 91 128 7 129 130 144 144
7 8 23 23 49 90 65 42 92 87 53 109 79 40 112 3 19 9 107 10 33 99 78 116 85 97 26 62 67 110 33 79 49 122 21 127 67 122 43 36 35 95 128 91 128 7 129 130 144 144
7 8 23 23 49 90 65 42 92 87 53 109 79 40 112 3 19 9 107 10 33 99 78 116 85 97 26 62 67 110 33 79 49 122 21 67 127 122 43 36 35 95 128 91 128 7 129 130 144 144
7 8 23 23 49 90 65 42 92 87 53 109 79 40 112 3 19 9 107 10 33 99 78 116 85 97 26 62 67 110 33 79 49 122 21 67 122 127 43 36 35 95 128 91 128 7 129 130 144 144
7 8 23 23 49 90 65 42 92 87 53 109 79 40 112 3 19 9 107 10 33 99 78 116 85 97 26 62 67 110 33 79 49 122 21 67 122 43 127 36 35 95 128 91 128 7 129 130 144 144
7 8 23 23 49 90 65 42 92 87 53 109 79 40 112 3 19 9 107 10 33 99 78 116 85 97 26 62 67 110 33 79 49 122 21 67 122 43 36 127 35 95 128 91 128 7 129 130 144 144
7 8 23 23 49 90 65 42 92 87 53 109 79 40 112 3 19 9 107 10 33 99 78 116 85 97 26 62 67 110 33 79 49 122 21 67 122 43 36 35 127 95 128 91 128 7 129 130 144 144
7 8 23 23 49 90 65 42 92 87 53 109 79 40 112 3 19 9 107 10 33 99 78 116 85 97 26 62 67 110 33 79 49 122 21 67 122 43 36 35 95 127 128 91 128 7 129 130 144 144
7 8 23 23 49 90 65 42 92 87 53 109 79 40 112 3 19 9 107 10 33 99 78 116 85 97 26 62 67 110 33 79 49 122 21 67 122 43 36 35 95 127 91 128 128 7 129 130 144 144
7 8 23 23 49 90 65 42 92 87 53 109 79 40 112 3 19 9 107 10 33 99 78 116 85 97 26 62 67 110 33 79 49 122 21 67 122 43 36 35 95 127 91 128 7 128 129 130 144 144
7 8 23 23 49 65 90 42 92 87 53 109 79 40 112 3 19 9 107 10 33 99 78 116 85 97 26 62 67 110 33 79 49 122 21 67 122 43 36 35 95 127 91 128 7 128 129 130 144 144
7 8 23 23 49 65 42 90 92 87 53 109 79 40 112 3 19 9 107 10 33 99 78 116 85 97 26 62 67 110 33 79 49 122 21 67 122 43 36 35 95 127 91 128 7 128 129 130 144 144
7 8 23 23 49 65 42 90 87 92 53 109 79 40 112 3 19 9 107 10 33 99 78 116 85 97 26 62 67 110 33 79 49 122 21 67 122 43 36 35 95 127 91 128 7 128 129 130 144 144
7 8 23 23 49 65 42 90 87 53 92 109 79 40 112 3 19 9 107 10 33 99 78 116 85 97 26 62 67 110 33 79 49 122 21 67 122 43 36 35 95 127 91 128 7 128 129 130 144 144
7 8 23 23 49 65 42 90 87 53 92 79 109 40 112 3 19 9 107 10 33 99 78 116 85 97 26 62 67 110 33 79 49 122 21 67 122 43 36 35 95 127 91 128 7 128 129 130 144 144
7 8 23 23 49 65 42 90 87 53 92 79 40 109 112 3 19 9 107 10 33 99 78 116 85 97 26 62 67 110 33 79 49 122 21 67 122 43 36 35 95 127 91 128 7 128 129 130 144 144
7 8 23 23 49 65 42 90 87 53 92 79 40 109 3 112 19 9 107 10 33 99 78 116 85 97 26 62 67 110 33 79 49 122 21 67 122 43 36 35 95 127 91 128 7 128 129 130 144 144
7 8 23 23 49 65 42 90 87 53 92 79 40 109 3 19 112 9 107 10 33 99 78 116 85 97 26 62 67 110 33 79 49 122 21 67 122 43 36 35 95 127 91 128 7 128 129 130 144 144
7 8 23 23 49 65 42 90 87 53 92 79 40 109 3 19 9 112 107 10 33 99 78 116 85 97 26 62 67 110 33 79 49 122 21 67 122 43 36 35 95 127 91 128 7 128 129 130 144 144
7 8 23 23 49 65 42 90 87 53 92 79 40 109 3 19 9 107 112 10 33 99 78 116 85 97 26 62 67 110 33 79 49 122 21 67 122 43 36 35 95 127 91 128 7 128 129 130 144 144
7 8 23 23 49 65 42 90 87 53 92 79 40 109 3 19 9 107 10 112 33 99 78 116 85 97 26 62 67 110 33 79 49 122 21 67 122 43 36 35 95 127 91 128 7 128 129 130 144 144
7 8 23 23 49 65 42 90 87 53 92 79 40 109 3 19 9 107 10 33 112 99 78 116 85 97 26 62 67 110 33 79 49 122 21 67 122 43 36 35 95 127 91 128 7 128 129 130 144 144
7 8 23 23 49 65 42 90 87 53 92 79 40 109 3 19 9 107 10 33 99 112 78 116 85 97 26 62 67 110 33 79 49 122 21 67 122 43 36 35 95 127 91 128 7 128 129 130 144 144
7 8 23 23 49 65 42 90 87 53 92 79 40 109 3 19 9 107 10 33 99 78 112 116 85 97 26 62 67 110 33 79 49 122 21 67 122 43 36 35 95 127 91 128 7 128 129 130 144 144
7 8 23 23 49 65 42 90 87 53 92 79 40 109 3 19 9 107 10 33 99 78 112 85 116 97 26 62 67 110 33 79 49 122 21 67 122 43 36 35 95 127 91 128 7 128 129 130 144 144
7 8 23 23 49 65 42 90 87 53 92 79 40 109 3 19 9 107 10 33 99 78 112 85 97 116 26 62 67 110 33 79 49 122 21 67 122 43 36 35 95 127 91 128 7 128 129 130 144 144
7 8 23 23 49 65 42 90 87 53 92 79 40 109 3 19 9 107 10 33 99 78 112 85 97 26 116 62 67 110 33 79 49 122 21 67 122 43 36 35 95 127 91 128 7 128 129 130 144 144
7 8 23 23 49 65 42 90 87 53 92 79 40 109 3 19 9 107 10 33 99 78 112 85 97 26 62 116 67 110 33 79 49 122 21 67 122 43 36 35 95 127 91 128 7 128 129 130 144 144
7 8 23 23 49 65 42 90 87 53 92 79 40 109 3 19 9 107 10 33 99 78 112 85 97 26 62 67 116 110 33 79 49 122 21 67 122 43 36 35 95 127 91 128 7 128 129 130 144 144
7 8 23 23 49 65 42 90 87 53 92 79 40 109 3 19 9 107 10 33 99 78 112 85 97 26 62 67 110 116 33 79 49 122 21 67 122 43 36 35 95 127 91 128 7 128 129 130 144 144
7 8 23 23 49 65 42 90 87 53 92 79 40 109 3 19 9 107 10 33 99 78 112 85 97 26 62 67 110 33 116 79 49 122 21 67 122 43 36 35 95 127 91 128 7 128 129 130 144 144
7 8 23 23 49 65 42 90 87 53 92 79 40 109 3 19 9 107 10 33 99 78 112 85 97 26 62 67 110 33 79 116 49 122 21 67 122 43 36 35 95 127 91 128 7 128 129 130 144 144
7 8 23 23 49 65 42 90 87 53 92 79 40 109 3 19 9 107 10 33 99 78 112 85 97 26 62 67 110 33 79 49 116 122 21 67 122 43 36 35 95 127 91 128 7 128 129 130 144 144
7 8 23 23 49 65 42 90 87 53 92 79 40 109 3 19 9 107 10 33 99 78 112 85 97 26 62 67 110 33 79 49 116 21 122 67 122 43 36 35 95 127 91 128 7 128 129 130 144 144
7 8 23 23 49 65 42 90 87 53 92 79 40 109 3 19 9 107 10 33 99 78 112 85 97 26 62 67 110 33 79 49 116 21 67 122 122 43 36 35 95 127 91 128 7 128 129 130 144 144
7 8 23 23 49 65 42 90 87 53 92 79 40 109 3 19 9 107 10 33 99 78 112 85 97 26 62 67 110 33 79 49 116 21 67 122 43 122 36 35 95 127 91 128 7 128 129 130 144 144
7 8 23 23 49 65 42 90 87 53 92 79 40 109 3 19 9 107 10 33 99 78 112 85 97 26 62 67 110 33 79 49 116 21 67 122 43 36 122 35 95 127 91 128 7 128 129 130 144 144
7 8 23 23 49 65 42 90 87 53 92 79 40 109 3 19 9 107 10 33 99 78 112 85 97 26 62 67 110 33 79 49 116 21 67 122 43 36 35 122 95 127 91 128 7 128 129 130 144 144
7 8 23 23 49 65 42 90 87 53 92 79 40 109 3 19 9 107 10 33 99 78 112 85 97 26 62 67 110 33 79 49 116 21 67 122 43 36 35 95 122 127 91 128 7 128 129 130 144 144
7 8 23 23 49 65 42 90 87 53 92 79 40 109 3 19 9 107 10 33 99 78 112 85 97 26 62 67 110 33 79 49 116 21 67 122 43 36 35 95 122 91 127 128 7 128 129 130 144 144
7 8 23 23 49 65 42 90 87 53 92 79 40 109 3 19 9 107 10 33 99 78 112 85 97 26 62 67 110 33 79 49 116 21 67 122 43 36 35 95 122 91 127 7 128 128 129 130 144 144
7 8 23 23 49 42 65 90 87 53 92 79 40 109 3 19 9 107 10 33 99 78 112 85 97 26 62 67 110 33 79 49 116 21 67 122 43 36 35 95 122 91 127 7 128 128 129 130 144 144
7 8 23 23 49 42 65 87 90 53 92 79 40 109 3 19 9 107 10 33 99 78 112 85 97 26 62 67 110 33 79 49 116 21 67 122 43 36 35 95 122 91 127 7 128 128 129 130 144 144
7 8 23 23 49 42 65 87 53 90 92 79 40 109 3 19 9 107 10 33 99 78 112 85 97 26 62 67 110 33 79 49 116 21 67 122 43 36 35 95 122 91 127 7 128 128 129 130 144 144
7 8 23 23 49 42 65 87 53 90 79 92 40 109 3 19 9 107 10 33 99 78 112 85 97 26 62 67 110 33 79 49 116 21 67 122 43 36 35 95 122 91 127 7 128 128 129 130 144 144
7 8 23 23 49 42 65 87 53 90 79 40 92 109 3 19 9 107 10 33 99 78 112 85 97 26 62 67 110 33 79 49 116 21 67 122 43 36 35 95 122 91 127 7 128 128 129 130 144 144
7 8 23 23 49 42 65 87 53 90 79 40 92 3 109 19 9 107 10 33 99 78 112 85 97 26 62 67 110 33 79 49 116 21 67 122 43 36 35 95 122 91 127 7 128 128 129 130 144 144
7 8 23 23 49 42 65 87 53 90 79 40 92 3 19 109 9 107 10 33 99 78 112 85 97 26 62 67 110 33 79 49 116 21 67 122 43 36 35 95 122 91 127 7 128 128 129 130 144 144
7 8 23 23 49 42 65 87 53 90 79 40 92 3 19 9 109 107 10 33 99 78 112 85 97 26 62 67 110 33 79 49 116 21 67 122 43 36 35 95 122 91 127 7 128 128 129 130 144 144
7 8 23 23 49 42 65 87 53 90 79 40 92 3 19 9 107 109 10 33 99 78 112 85 97 26 62 67 110 33 79 49 116 21 67 122 43 36 35 95 122 91 127 7 128 128 129 130 144 144
7 8 23 23 49 42 65 87 53 90 79 40 92 3 19 9 107 10 109 33 99 78 112 85 97 26 62 67 110 33 79 49 116 21 67 122 43 36 35 95 122 91 127 7 128 128 129 130 144 144
7 8 23 23 49 42 65 87 53 90 79 40 92 3 19 9 107 10 33 109 99 78 112 85 97 26 62 67 110 33 79 49 116 21 67 122 43 36 35 95 122 91 127 7 128 128 129 130 144 144
7 8 23 23 49 42 65 87 53 90 79 40 92 3 19 9 107 10 33 99 109 78 112 85 97 26 62 67 110 33 79 49 116 21 67 122 43 36 35 95 122 91 127 7 128 128 129 130 144 144
7 8 23 23 49 42 65 87 53 90 79 40 92 3 19 9 107 10 33 99 78 109 112 85 97 26 62 67 110 33 79 49 116 21 67 122 43 36 35 95 122 91 127 7 128 128 129 130 144 144
7 8 23 23 49 42 65 87 53 90 79 40 92 3 19 9 107 10 33 99 78 109 85 112 97 26 62 67 110 33 79 49 116 21 67 122 43 36 35 95 122 91 127 7 128 128 129 130 144 144
7 8 23 23 49 42 65 87 53 90 79 40 92 3 19 9 107 10 33 99 78 109 85 97 112 26 62 67 110 33 79 49 116 21 67 122 43 36 35 95 122 91 127 7 128 128 129 130 144 144
7 8 23 23 49 42 65 87 53 90 79 40 92 3 19 9 107 10 33 99 78 109 85 97 26 112 62 67 110 33 79 49 116 21 67 122 43 36 35 95 122 91 127 7 128 128 129 130 144 144
7 8 23 23 49 42 65 87 53 90 79 40 92 3 19 9 107 10 33 99 78 109 85 97 26 62 112 67 110 33 79 49 116 21 67 122 43 36 35 95 122 91 127 7 128 128 129 130 144 144
7 8 23 23 49 42 65 87 53 90 79 40 92 3 19 9 107 10 33 99 78 109 85 97 26 62 67 112 110 33 79 49 116 21 67 122 43 36 35 95 122 91 127 7 128 128 129 130 144 144
7 8 23 23 49 42 65 87 53 90 79 40 92 3 19 9 107 10 33 99 78 109 85 97 26 62 67 110 112 33 79 49 116 21 67 122 43 36 35 95 122 91 127 7 128 128 129 130 144 144
7 8 23 23 49 42 65 87 53 90 79 40 92 3 19 9 107 10 33 99 78 109 85 97 26 62 67 110 33 112 79 49 116 21 67 122 43 36 35 95 122 91 127 7 128 128 129 130 144 144
7 8 23 23 49 42 65 87 53 90 79 40 92 3 19 9 107 10 33 99 78 109 85 97 26 62 67 110 33 79 112 49 116 21 67 122 43 36 35 95 122 91 127 7 128 128 129 130 144 144
7 8 23 23 49 42 65 87 53 90 79 40 92 3 19 9 107 10 33 99 78 109 85 97 26 62 67 110 33 79 49 112 116 21 67 122 43 36 35 95 122 91 127 7 128 128 129 130 144 144
7 8 23 23 49 42 65 87 53 90 79 40 92 3 19 9 107 10 33 99 78 109 85 97 26 62 67 110 33 79 49 112 21 116 67 122 43 36 35 95 122 91 127 7 128 128 129 130 144 144
7 8 23 23 49 42 65 87 53 90 79 40 92 3 19 9 107 10 33 99 78 109 85 97 26 62 67 110 33 79 49 112 21 67 116 122 43 36 35 95 122 91 127 7 128 128 129 130 144 144
7 8 23 23 49 42 65 87 53 90 79 40 92 3 19 9 107 10 33 99 78 109 85 97 26 62 67 110 33 79 49 112 21 67 116 43 122 36 35 95 122 91 127 7 128 128 129 130 144 144
7 8 23 23 49 42 65 87 53 90 79 40 92 3 19 9 107 10 33 99 78 109 85 97 26 62 67 110 33 79 49 112 21 67 116 43 36 122 35 95 122 91 127 7 128 128 129 130 144 144
7 8 23 23 49 42 65 87 53 90 79 40 92 3 19 9 107 10 33 99 78 109 85 97 26 62 67 110 33 79 49 112 21 67 116 43 36 35 122 95 122 91 127 7 128 128 129 130 144 144
7 8 23 23 49 42 65 87 53 90 79 40 92 3 19 9 107 10 33 99 78 109 85 97 26 62 67 110 33 79 49 112 21 67 116 43 36 35 95 122 122 91 127 7 128 128 129 130 144 144
7 8 23 23 49 42 65 87 53 90 79 40 92 3 19 9 107 10 33 99 78 109 85 97 26 62 67 110 33 79 49 112 21 67 116 43 36 35 95 122 91 122 127 7 128 128 129 130 144 144
7 8 23 23 49 42 65 87 53 90 79 40 92 3 19 9 107 10 33 99 78 109 85 97 26 62 67 110 33 79 49 112 21 67 116 43 36 35 95 122 91 122 7 127 128 128 129 130 144 144
7 8 23 23 42 49 65 87 53 90 79 40 92 3 19 9 107 10 33 99 78 109 85 97 26 62 67 110 33 79 49 112 21 67 116 43 36 35 95 122 91 122 7 127 128 128 129 130 144 144
7 8 23 23 42 49 65 53 87 90 79 40 92 3 19 9 107 10 33 99 78 109 85 97 26 62 67 110 33 79 49 112 21 67 116 43 36 35 95 122 91 122 7 127 128 128 129 130 144 144
7 8 23 23 42 49 65 53 87 79 90 40 92 3 19 9 107 10 33 99 78 109 85 97 26 62 67 110 33 79 49 112 21 67 116 43 36 35 95 122 91 122 7 127 128 128 129 130 144 144
7 8 23 23 42 49 65 53 87 79 40 90 92 3 19 9 107 10 33 99 78 109 85 97 26 62 67 110 33 79 49 112 21 67 116 43 36 35 95 122 91 122 7 127 128 128 129 130 144 144
7 8 23 23 42 49 65 53 87 79 40 90 3 92 19 9 107 10 33 99 78 109 85 97 26 62 67 110 33 79 49 112 21 67 116 43 36 35 95 122 91 122 7 127 128 128 129 130 144 144
7 8 23 23 42 49 65 53 87 79 40 90 3 19 92 9 107 10 33 99 78 109 85 97 26 62 67 110 33 79 49 112 21 67 116 43 36 35 95 122 91 122 7 127 128 128 129 130 144 144
7 8 23 23 42 49 65 53 87 79 40 90 3 19 9 92 107 10 33 99 78 109 85 97 26 62 67 110 33 79 49 112 21 67 116 43 36 35 95 122 91 122 7 127 128 128 129 130 144 144
7 8 23 23 42 49 65 53 87 79 40 90 3 19 9 92 10 107 33 99 78 109 85 97 26 62 67 110 33 79 49 112 21 67 116 43 36 35 95 122 91 122 7 127 128 128 129 130 144 144
7 8 23 23 42 49 65 53 87 79 40 90 3 19 9 92 10 33 107 99 78 109 85 97 26 62 67 110 33 79 49 112 21 67 116 43 36 35 95 122 91 122 7 127 128 128 129 130 144 144
7 8 23 23 42 49 65 53 87 79 40 90 3 19 9 92 10 33 99 107 78 109 85 97 26 62 67 110 33 79 49 112 21 67 116 43 36 35 95 122 91 122 7 127 128 128 129 130 144 144
7 8 23 23 42 49 65 53 87 79 40 90 3 19 9 92 10 33 99 78 107 109 85 97 26 62 67 110 33 79 49 112 21 67 116 43 36 35 95 122 91 122 7 127 128 128 129 130 144 144
7 8 23 23 42 49 65 53 87 79 40 90 3 19 9 92 10 33 99 78 107 85 109 97 26 62 67 110 33 79 49 112 21 67 116 43 36 35 95 122 91 122 7 127 128 128 129 130 144 144
7 8 23 23 42 49 65 53 87 79 40 90 3 19 9 92 10 33 99 78 107 85 97 109 26 62 67 110 33 79 49 112 21 67 116 43 36 35 95 122 91 122 7 127 128 128 129 130 144 144
7 8 23 23 42 49 65 53 87 79 40 90 3 19 9 92 10 33 99 78 107 85 97 26 109 62 67 110 33 79 49 112 21 67 116 43 36 35 95 122 91 122 7 127 128 128 129 130 144 144
7 8 23 23 42 49 65 53 87 79 40 90 3 19 9 92 10 33 99 78 107 85 97 26 62 109 67 110 33 79 49 112 21 67 116 43 36 35 95 122 91 122 7 127 128 128 129 130 144 144
7 8 23 23 42 49 65 53 87 79 40 90 3 19 9 92 10 33 99 78 107 85 97 26 62 67 109 110 33 79 49 112 21 67 116 43 36 35 95 122 91 122 7 127 128 128 129 130 144 144
7 8 23 23 42 49 65 53 87 79 40 90 3 19 9 92 10 33 99 78 107 85 97 26 62 67 109 33 110 79 49 112 21 67 116 43 36 35 95 122 91 122 7 127 128 128 129 130 144 144
7 8 23 23 42 49 65 53 87 79 40 90 3 19 9 92 10 33 99 78 107 85 97 26 62 67 109 33 79 110 49 112 21 67 116 43 36 35 95 122 91 122 7 127 128 128 129 130 144 144
7 8 23 23 42 49 65 53 87 79 40 90 3 19 9 92 10 33 99 78 107 85 97 26 62 67 109 33 79 49 110 112 21 67 116 43 36 35 95 122 91 122 7 127 128 128 129 130 144 144
7 8 23 23 42 49 65 53 87 79 40 90 3 19 9 92 10 33 99 78 107 85 97 26 62 67 109 33 79 49 110 21 112 67 116 43 36 35 95 122 91 122 7 127 128 128 129 130 144 144
7 8 23 23 42 49 65 53 87 79 40 90 3 19 9 92 10 33 99 78 107 85 97 26 62 67 109 33 79 49 110 21 67 112 116 43 36 35 95 122 91 122 7 127 128 128 129 130 144 144
7 8 23 23 42 49 65 53 87 79 40 90 3 19 9 92 10 33 99 78 107 85 97 26 62 67 109 33 79 49 110 21 67 112 43 116 36 35 95 122 91 122 7 127 128 128 129 130 144 144
7 8 23 23 42 49 65 53 87 79 40 90 3 19 9 92 10 33 99 78 107 85 97 26 62 67 109 33 79 49 110 21 67 112 43 36 116 35 95 122 91 122 7 127 128 128 129 130 144 144
7 8 23 23 42 49 65 53 87 79 40 90 3 19 9 92 10 33 99 78 107 85 97 26 62 67 109 33 79 49 110 21 67 112 43 36 35 116 95 122 91 122 7 127 128 128 129 130 144 144
7 8 23 23 42 49 65 53 87 79 40 90 3 19 9 92 10 33 99 78 107 85 97 26 62 67 109 33 79 49 110 21 67 112 43 36 35 95 116 122 91 122 7 127 128 128 129 130 144 144
7 8 23 23 42 49 65 53 87 79 40 90 3 19 9 92 10 33 99 78 107 85 97 26 62 67 109 33 79 49 110 21 67 112 43 36 35 95 116 91 122 122 7 127 128 128 129 130 144 144
7 8 23 23 42 49 65 53 87 79 40 90 3 19 9 92 10 33 99 78 107 85 97 26 62 67 109 33 79 49 110 21 67 112 43 36 35 95 116 91 122 7 122 127 128 128 129 130 144 144
7 8 23 23 42 49 53 65 87 79 40 90 3 19 9 92 10 33 99 78 107 85 97 26 62 67 109 33 79 49 110 21 67 112 43 36 35 95 116 91 122 7 122 127 128 128 129 130 144 144
7 8 23 23 42 49 53 65 79 87 40 90 3 19 9 92 10 33 99 78 107 85 97 26 62 67 109 33 79 49 110 21 67 112 43 36 35 95 116 91 122 7 122 127 128 128 129 130 144 144
7 8 23 23 42 49 53 65 79 40 87 90 3 19 9 92 10 33 99 78 107 85 97 26 62 67 109 33 79 49 110 21 67 112 43 36 35 95 116 91 122 7 122 127 128 128 129 130 144 144
7 8 23 23 42 49 53 65 79 40 87 3 90 19 9 92 10 33 99 78 107 85 97 26 62 67 109 33 79 49 110 21 67 112 43 36 35 95 116 91 122 7 122 127 128 128 129 130 144 144
7 8 23 23 42 49 53 65 79 40 87 3 19 90 9 92 10 33 99 78 107 85 97 26 62 67 109 33 79 49 110 21 67 112 43 36 35 95 116 91 122 7 122 127 128 128 129 130 144 144
7 8 23 23 42 49 53 65 79 40 87 3 19 9 90 92 10 33 99 78 107 85 97 26 62 67 109 33 79 49 110 21 67 112 43 36 35 95 116 91 122 7 122 127 128 128 129 130 144 144
7 8 23 23 42 49 53 65 79 40 87 3 19 9 90 10 92 33 99 78 107 85 97 26 62 67 109 33 79 49 110 21 67 112 43 36 35 95 116 91 122 7 122 127 128 128 129 130 144 144
7 8 23 23 42 49 53 65 79 40 87 3 19 9 90 10 33 92 99 78 107 85 97 26 62 67 109 33 79 49 110 21 67 112 43 36 35 95 116 91 122 7 122 127 128 128 129 130 144 144
7 8 23 23 42 49 53 65 79 40 87 3 19 9 90 10 33 92 78 99 107 85 97 26 62 67 109 33 79 49 110 21 67 112 43 36 35 95 116 91 122 7 122 127 128 128 129 130 144 144
7 8 23 23 42 49 53 65 79 40 87 3 19 9 90 10 33 92 78 99 85 107 97 26 62 67 109 33 79 49 110 21 67 112 43 36 35 95 116 91 122 7 122 127 128 128 129 130 144 144
7 8 23 23 42 49 53 65 79 40 87 3 19 9 90 10 33 92 78 99 85 97 107 26 62 67 109 33 79 49 110 21 67 112 43 36 35 95 116 91 122 7 122 127 128 128 129 130 144 144
7 8 23 23 42 49 53 65 79 40 87 3 19 9 90 10 33 92 78 99 85 97 26 107 62 67 109 33 79 49 110 21 67 112 43 36 35 95 116 91 122 7 122 127 128 128 129 130 144 144
7 8 23 23 42 49 53 65 79 40 87 3 19 9 90 10 33 92 78 99 85 97 26 62 107 67 109 33 79 49 110 21 67 112 43 36 35 95 116 91 122 7 122 127 128 128 129 130 144 144
7 8 23 23 42 49 53 65 79 40 87 3 19 9 90 10 33 92 78 99 85 97 26 62 67 107 109 33 79 49 110 21 67 112 43 36 35 95 116 91 122 7 122 127 128 128 129 130 144 144
7 8 23 23 42 49 53 65 79 40 87 3 19 9 90 10 33 92 78 99 85 97 26 62 67 107 33 109 79 49 110 21 67 112 43 36 35 95 116 91 122 7 122 127 128 128 129 130 144 144
7 8 23 23 42 49 53 65 79 40 87 3 19 9 90 10 33 92 78 99 85 97 26 62 67 107 33 79 109 49 110 21 67 112 43 36 35 95 116 91 122 7 122 127 128 128 129 130 144 144
7 8 23 23 42 49 53 65 79 40 87 3 19 9 90 10 33 92 78 99 85 97 26 62 67 107 33 79 49 109 110 21 67 112 43 36 35 95 116 91 122 7 122 127 128 128 129 130 144 144
7 8 23 23 42 49 53 65 79 40 87 3 19 9 90 10 33 92 78 99 85 97 26 62 67 107 33 79 49 109 21 110 67 112 43 36 35 95 116 91 122 7 122 127 128 128 129 130 144 144
7 8 23 23 42 49 53 65 79 40 87 3 19 9 90 10 33 92 78 99 85 97 26 62 67 107 33 79 49 109 21 67 110 112 43 36 35 95 116 91 122 7 122 127 128 128 129 130 144 144
7 8 23 23 42 49 53 65 79 40 87 3 19 9 90 10 33 92 78 99 85 97 26 62 67 107 33 79 49 109 21 67 110 43 112 36 35 95 116 91 122 7 122 127 128 128 129 130 144 144
7 8 23 23 42 49 53 65 79 40 87 3 19 9 90 10 33 92 78 99 85 97 26 62 67 107 33 79 49 109 21 67 110 43 36 112 35 95 116 91 122 7 122 127 128 128 129 130 144 144
7 8 23 23 42 49 53 65 79 40 87 3 19 9 90 10 33 92 78 99 85 97 26 62 67 107 33 79 49 109 21 67 110 43 36 35 112 95 116 91 122 7 122 127 128 128 129 130 144 144
7 8 23 23 42 49 53 65 79 40 87 3 19 9 90 10 33 92 78 99 85 97 26 62 67 107 33 79 49 109 21 67 110 43 36 35 95 112 116 91 122 7 122 127 128 128 129 130 144 144
7 8 23 23 42 49 53 65 79 40 87 3 19 9 90 10 33 92 78 99 85 97 26 62 67 107 33 79 49 109 21 67 110 43 36 35 95 112 91 116 122 7 122 127 128 128 129 130 144 144
7 8 23 23 42 49 53 65 79 40 87 3 19 9 90 10 33 92 78 99 85 97 26 62 67 107 33 79 49 109 21 67 110 43 36 35 95 112 91 116 7 122 122 127 128 128 129 130 144 144
7 8 23 23 42 49 53 65 40 79 87 3 19 9 90 10 33 92 78 99 85 97 26 62 67 107 33 79 49 109 21 67 110 43 36 35 95 112 91 116 7 122 122 127 128 128 129 130 144 144
7 8 23 23 42 49 53 65 40 79 3 87 19 9 90 10 33 92 78 99 85 97 26 62 67 107 33 79 49 109 21 67 110 43 36 35 95 112 91 116 7 122 122 127 128 128 129 130 144 144
7 8 23 23 42 49 53 65 40 79 3 19 87 9 90 10 33 92 78 99 85 97 26 62 67 107 33 79 49 109 21 67 110 43 36 35 95 112 91 116 7 122 122 127 128 128 129 130 144 144
7 8 23 23 42 49 53 65 40 79 3 19 9 87 90 10 33 92 78 99 85 97 26 62 67 107 33 79 49 109 21 67 110 43 36 35 95 112 91 116 7 122 122 127 128 128 129 130 144 144
7 8 23 23 42 49 53 65 40 79 3 19 9 87 10 90 33 92 78 99 85 97 26 62 67 107 33 79 49 109 21 67 110 43 36 35 95 112 91 116 7 122 122 127 128 128 129 130 144 144
7 8 23 23 42 49 53 65 40 79 3 19 9 87 10 33 90 92 78 99 85 97 26 62 67 107 33 79 49 109 21 67 110 43 36 35 95 112 91 116 7 122 122 127 128 128 129 130 144 144
7 8 23 23 42 49 53 65 40 79 3 19 9 87 10 33 90 78 92 99 85 97 26 62 67 107 33 79 49 109 21 67 110 43 36 35 95 112 91 116 7 122 122 127 128 128 129 130 144 144
7 8 23 23 42 49 53 65 40 79 3 19 9 87 10 33 90 78 92 85 99 97 26 62 67 107 33 79 49 109 21 67 110 43 36 35 95 112 91 116 7 122 122 127 128 128 129 130 144 144
7 8 23 23 42 49 53 65 40 79 3 19 9 87 10 33 90 78 92 85 97 99 26 62 67 107 33 79 49 109 21 67 110 43 36 35 95 112 91 116 7 122 122 127 128 128 129 130 144 144
7 8 23 23 42 49 53 65 40 79 3 19 9 87 10 33 90 78 92 85 97 26 99 62 67 107 33 79 49 109 21 67 110 43 36 35 95 112 91 116 7 122 122 127 128 128 129 130 144 144
7 8 23 23 42 49 53 65 40 79 3 19 9 87 10 33 90 78 92 85 97 26 62 99 67 107 33 79 49 109 21 67 110 43 36 35 95 112 91 116 7 122 122 127 128 128 129 130 144 144
7 8 23 23 42 49 53 65 40 79 3 19 9 87 10 33 90 78 92 85 97 26 62 67 99 107 33 79 49 109 21 67 110 43 36 35 95 112 91 116 7 122 122 127 128 128 129 130 144 144
7 8 23 23 42 49 53 65 40 79 3 19 9 87 10 33 90 78 92 85 97 26 62 67 99 33 107 79 49 109 21 67 110 43 36 35 95 112 91 116 7 122 122 127 128 128 129 130 144 144
7 8 23 23 42 49 53 65 40 79 3 19 9 87 10 33 90 78 92 85 97 26 62 67 99 33 79 107 49 109 21 67 110 43 36 35 95 112 91 116 7 122 122 127 128 128 129 130 144 144
7 8 23 23 42 49 53 65 40 79 3 19 9 87 10 33 90 78 92 85 97 26 62 67 99 33 79 49 107 109 21 67 110 43 36 35 95 112 91 116 7 122 122 127 128 128 129 130 144 144
7 8 23 23 42 49 53 65 40 79 3 19 9 87 10 33 90 78 92 85 97 26 62 67 99 33 79 49 107 21 109 67 110 43 36 35 95 112 91 116 7 122 122 127 128 128 129 130 144 144
7 8 23 23 42 49 53 65 40 79 3 19 9 87 10 33 90 78 92 85 97 26 62 67 99 33 79 49 107 21 67 109 110 43 36 35 95 112 91 116 7 122 122 127 128 128 129 130 144 144
7 8 23 23 42 49 53 65 40 79 3 19 9 87 10 33 90 78 92 85 97 26 62 67 99 33 79 49 107 21 67 109 43 110 36 35 95 112 91 116 7 122 122 127 128 128 129 130 144 144
7 8 23 23 42 49 53 65 40 79 3 19 9 87 10 33 90 78 92 85 97 26 62 67 99 33 79 49 107 21 67 109 43 36 110 35 95 112 91 116 7 122 122 127 128 128 129 130 144 144
7 8 23 23 42 49 53 65 40 79 3 19 9 87 10 33 90 78 92 85 97 26 62 67 99 33 79 49 107 21 67 109 43 36 35 110 95 112 91 116 7 122 122 127 128 128 129 130 144 144
7 8 23 23 42 49 53 65 40 79 3 19 9 87 10 33 90 78 92 85 97 26 62 67 99 33 79 49 107 21 67 109 43 36 35 95 110 112 91 116 7 122 122 127 128 128 129 130 144 144
7 8 23 23 42 49 53 65 40 79 3 19 9 87 10 33 90 78 92 85 97 26 62 67 99 33 79 49 107 21 67 109 43 36 35 95 110 91 112 116 7 122 122 127 128 128 129 130 144 144
7 8 23 23 42 49 53 65 40 79 3 19 9 87 10 33 90 78 92 85 97 26 62 67 99 33 79 49 107 21 67 109 43 36 35 95 110 91 112 7 116 122 122 127 128 128 129 130 144 144
7 8 23 23 42 49 53 40 65 79 3 19 9 87 10 33 90 78 92 85 97 26 62 67 99 33 79 49 107 21 67 109 43 36 35 95 110 91 112 7 116 122 122 127 128 128 129 130 144 144
7 8 23 23 42 49 53 40 65 3 79 19 9 87 10 33 90 78 92 85 97 26 62 67 99 33 79 49 107 21 67 109 43 36 35 95 110 91 112 7 116 122 122 127 128 128 129 130 144 144
7 8 23 23 42 49 53 40 65 3 19 79 9 87 10 33 90 78 92 85 97 26 62 67 99 33 79 49 107 21 67 109 43 36 35 95 110 91 112 7 116 122 122 127 128 128 129 130 144 144
7 8 23 23 42 49 53 40 65 3 19 9 79 87 10 33 90 78 92 85 97 26 62 67 99 33 79 49 107 21 67 109 43 36 35 95 110 91 112 7 116 122 122 127 128 128 129 130 144 144
7 8 23 23 42 49 53 40 65 3 19 9 79 10 87 33 90 78 92 85 97 26 62 67 99 33 79 49 107 21 67 109 43 36 35 95 110 91 112 7 116 122 122 127 128 128 129 130 144 144
7 8 23 23 42 49 53 40 65 3 19 9 79 10 33 87 90 78 92 85 97 26 62 67 99 33 79 49 107 21 67 109 43 36 35 95 110 91 112 7 116 122 122 127 128 128 129 130 144 144
7 8 23 23 42 49 53 40 65 3 19 9 79 10 33 87 78 90 92 85 97 26 62 67 99 33 79 49 107 21 67 109 43 36 35 95 110 91 112 7 116 122 122 127 128 128 129 130 144 144
7 8 23 23 42 49 53 40 65 3 19 9 79 10 33 87 78 90 85 92 97 26 62 67 99 33 79 49 107 21 67 109 43 36 35 95 110 91 112 7 116 122 122 127 128 128 129 130 144 144
7 8 23 23 42 49 53 40 65 3 19 9 79 10 33 87 78 90 85 92 26 97 62 67 99 33 79 49 107 21 67 109 43 36 35 95 110 91 112 7 116 122 122 127 128 128 129 130 144 144
7 8 23 23 42 49 53 40 65 3 19 9 79 10 33 87 78 90 85 92 26 62 97 67 99 33 79 49 107 21 67 109 43 36 35 95 110 91 112 7 116 122 122 127 128 128 129 130 144 144
7 8 23 23 42 49 53 40 65 3 19 9 79 10 33 87 78 90 85 92 26 62 67 97 99 33 79 49 107 21 67 109 43 36 35 95 110 91 112 7 116 122 122 127 128 128 129 130 144 144
7 8 23 23 42 49 53 40 65 3 19 9 79 10 33 87 78 90 85 92 26 62 67 97 33 99 79 49 107 21 67 109 43 36 35 95 110 91 112 7 116 122 122 127 128 128 129 130 144 144
7 8 23 23 42 49 53 40 65 3 19 9 79 10 33 87 78 90 85 92 26 62 67 97 33 79 99 49 107 21 67 109 43 36 35 95 110 91 112 7 116 122 122 127 128 128 129 130 144 144
7 8 23 23 42 49 53 40 65 3 19 9 79 10 33 87 78 90 85 92 26 62 67 97 33 79 49 99 107 21 67 109 43 36 35 95 110 91 112 7 116 122 122 127 128 128 129 130 144 144
7 8 23 23 42 49 53 40 65 3 19 9 79 10 33 87 78 90 85 92 26 62 67 97 33 79 49 99 21 107 67 109 43 36 35 95 110 91 112 7 116 122 122 127 128 128 129 130 144 144
7 8 23 23 42 49 53 40 65 3 19 9 79 10 33 87 78 90 85 92 26 62 67 97 33 79 49 99 21 67 107 109 43 36 35 95 110 91 112 7 116 122 122 127 128 128 129 130 144 144
7 8 23 23 42 49 53 40 65 3 19 9 79 10 33 87 78 90 85 92 26 62 67 97 33 79 49 99 21 67 107 43 109 36 35 95 110 91 112 7 116 122 122 127 128 128 129 130 144 144
7 8 23 23 42 49 53 40 65 3 19 9 79 10 33 87 78 90 85 92 26 62 67 97 33 79 49 99 21 67 107 43 36 109 35 95 110 91 112 7 116 122 122 127 128 128 129 130 144 144
7 8 23 23 42 49 53 40 65 3 19 9 79 10 33 87 78 90 85 92 26 62 67 97 33 79 49 99 21 67 107 43 36 35 109 95 110 91 112 7 116 122 122 127 128 128 129 130 144 144
7 8 23 23 42 49 53 40 65 3 19 9 79 10 33 87 78 90 85 92 26 62 67 97 33 79 49 99 21 67 107 43 36 35 95 109 110 91 112 7 116 122 122 127 128 128 129 130 144 144
7 8 23 23 42 49 53 40 65 3 19 9 79 10 33 87 78 90 85 92 26 62 67 97 33 79 49 99 21 67 107 43 36 35 95 109 91 110 112 7 116 122 122 127 128 128 129 130 144 144
7 8 23 23 42 49 53 40 65 3 19 9 79 10 33 87 78 90 85 92 26 62 67 97 33 79 49 99 21 67 107 43 36 35 95 109 91 110 7 112 116 122 122 127 128 128 129 130 144 144
7 8 23 23 42 49 40 53 65 3 19 9 79 10 33 87 78 90 85 92 26 62 67 97 33 79 49 99 21 67 107 43 36 35 95 109 91 110 7 112 116 122 122 127 128 128 129 130 144 144
7 8 23 23 42 49 40 53 3 65 19 9 79 10 33 87 78 90 85 92 26 62 67 97 33 79 49 99 21 67 107 43 36 35 95 109 91 110 7 112 116 122 122 127 128 128 129 130 144 144
7 8 23 23 42 49 40 53 3 19 65 9 79 10 33 87 78 90 85 92 26 62 67 97 33 79 49 99 21 67 107 43 36 35 95 109 91 110 7 112 116 122 122 127 128 128 129 130 144 144
7 8 23 23 42 49 40 53 3 19 9 65 79 10 33 87 78 90 85 92 26 62 67 97 33 79 49 99 21 67 107 43 36 35 95 109 91 110 7 112 116 122 122 127 128 128 129 130 144 144
7 8 23 23 42 49 40 53 3 19 9 65 10 79 33 87 78 90 85 92 26 62 67 97 33 79 49 99 21 67 107 43 36 35 95 109 91 110 7 112 116 122 122 127 128 128 129 130 144 144
7 8 23 23 42 49 40 53 3 19 9 65 10 33 79 87 78 90 85 92 26 62 67 97 33 79 49 99 21 67 107 43 36 35 95 109 91 110 7 112 116 122 122 127 128 128 129 130 144 144
7 8 23 23 42 49 40 53 3 19 9 65 10 33 79 78 87 90 85 92 26 62 67 97 33 79 49 99 21 67 107 43 36 35 95 109 91 110 7 112 116 122 122 127 128 128 129 130 144 144
7 8 23 23 42 49 40 53 3 19 9 65 10 33 79 78 87 85 90 92 26 62 67 97 33 79 49 99 21 67 107 43 36 35 95 109 91 110 7 112 116 122 122 127 128 128 129 130 144 144
7 8 23 23 42 49 40 53 3 19 9 65 10 33 79 78 87 85 90 26 92 62 67 97 33 79 49 99 21 67 107 43 36 35 95 109 91 110 7 112 116 122 122 127 128 128 129 130 144 144
7 8 23 23 42 49 40 53 3 19 9 65 10 33 79 78 87 85 90 26 62 92 67 97 33 79 49 99 21 67 107 43 36 35 95 109 91 110 7 112 116 122 122 127 128 128 129 130 144 144
7 8 23 23 42 49 40 53 3 19 9 65 10 33 79 78 87 85 90 26 62 67 92 97 33 79 49 99 21 67 107 43 36 35 95 109 91 110 7 112 116 122 122 127 128 128 129 130 144 144
7 8 23 23 42 49 40 53 3 19 9 65 10 33 79 78 87 85 90 26 62 67 92 33 97 79 49 99 21 67 107 43 36 35 95 109 91 110 7 112 116 122 122 127 128 128 129 130 144 144
7 8 23 23 42 49 40 53 3 19 9 65 10 33 79 78 87 85 90 26 62 67 92 33 79 97 49 99 21 67 107 43 36 35 95 109 91 110 7 112 116 122 122 127 128 128 129 130 144 144
7 8 23 23 42 49 40 53 3 19 9 65 10 33 79 78 87 85 90 26 62 67 92 33 79 49 97 99 21 67 107 43 36 35 95 109 91 110 7 112 116 122 122 127 128 128 129 130 144 144
7 8 23 23 42 49 40 53 3 19 9 65 10 33 79 78 87 85 90 26 62 67 92 33 79 49 97 21 99 67 107 43 36 35 95 109 91 110 7 112 116 122 122 127 128 128 129 130 144 144
7 8 23 23 42 49 40 53 3 19 9 65 10 33 79 78 87 85 90 26 62 67 92 33 79 49 97 21 67 99 107 43 36 35 95 109 91 110 7 112 116 122 122 127 128 128 129 130 144 144
7 8 23 23 42 49 40 53 3 19 9 65 10 33 79 78 87 85 90 26 62 67 92 33 79 49 97 21 67 99 43 107 36 35 95 109 91 110 7 112 116 122 122 127 128 128 129 130 144 144
7 8 23 23 42 49 40 53 3 19 9 65 10 33 79 78 87 85 90 26 62 67 92 33 79 49 97 21 67 99 43 36 107 35 95 109 91 110 7 112 116 122 122 127 128 128 129 130 144 144
7 8 23 23 42 49 40 53 3 19 9 65 10 33 79 78 87 85 90 26 62 67 92 33 79 49 97 21 67 99 43 36 35 107 95 109 91 110 7 112 116 122 122 127 128 128 129 130 144 144
7 8 23 23 42 49 40 53 3 19 9 65 10 33 79 78 87 85 90 26 62 67 92 33 79 49 97 21 67 99 43 36 35 95 107 109 91 110 7 112 116 122 122 127 128 128 129 130 144 144
7 8 23 23 42 49 40 53 3 19 9 65 10 33 79 78 87 85 90 26 62 67 92 33 79 49 97 21 67 99 43 36 35 95 107 91 109 110 7 112 116 122 122 127 128 128 129 130 144 144
7 8 23 23 42 49 40 53 3 19 9 65 10 33 79 78 87 85 90 26 62 67 92 33 79 49 97 21 67 99 43 36 35 95 107 91 109 7 110 112 116 122 122 127 128 128 129 130 144 144
7 8 23 23 42 40 49 53 3 19 9 65 10 33 79 78 87 85 90 26 62 67 92 33 79 49 97 21 67 99 43 36 35 95 107 91 109 7 110 112 116 122 122 127 128 128 129 130 144 144
7 8 23 23 42 40 49 3 53 19 9 65 10 33 79 78 87 85 90 26 62 67 92 33 79 49 97 21 67 99 43 36 35 95 107 91 109 7 110 112 116 122 122 127 128 128 129 130 144 144
7 8 23 23 42 40 49 3 19 53 9 65 10 33 79 78 87 85 90 26 62 67 92 33 79 49 97 21 67 99 43 36 35 95 107 91 109 7 110 112 116 122 122 127 128 128 129 130 144 144
7 8 23 23 42 40 49 3 19 9 53 65 10 33 79 78 87 85 90 26 62 67 92 33 79 49 97 21 67 99 43 36 35 95 107 91 109 7 110 112 116 122 122 127 128 128 129 130 144 144
7 8 23 23 42 40 49 3 19 9 53 10 65 33 79 78 87 85 90 26 62 67 92 33 79 49 97 21 67 99 43 36 35 95 107 91 109 7 110 112 116 122 122 127 128 128 129 130 144 144
7 8 23 23 42 40 49 3 19 9 53 10 33 65 79 78 87 85 90 26 62 67 92 33 79 49 97 21 67 99 43 36 35 95 107 91 109 7 110 112 116 122 122 127 128 128 129 130 144 144
7 8 23 23 42 40 49 3 19 9 53 10 33 65 78 79 87 85 90 26 62 67 92 33 79 49 97 21 67 99 43 36 35 95 107 91 109 7 110 112 116 122 122 127 128 128 129 130 144 144
7 8 23 23 42 40 49 3 19 9 53 10 33 65 78 79 85 87 90 26 62 67 92 33 79 49 97 21 67 99 43 36 35 95 107 91 109 7 110 112 116 122 122 127 128 128 129 130 144 144
7 8 23 23 42 40 49 3 19 9 53 10 33 65 78 79 85 87 26 90 62 67 92 33 79 49 97 21 67 99 43 36 35 95 107 91 109 7 110 112 116 122 122 127 128 128 129 130 144 144
7 8 23 23 42 40 49 3 19 9 53 10 33 65 78 79 85 87 26 62 90 67 92 33 79 49 97 21 67 99 43 36 35 95 107 91 109 7 110 112 116 122 122 127 128 128 129 130 144 144
7 8 23 23 42 40 49 3 19 9 53 10 33 65 78 79 85 87 26 62 67 90 92 33 79 49 97 21 67 99 43 36 35 95 107 91 109 7 110 112 116 122 122 127 128 128 129 130 144 144
7 8 23 23 42 40 49 3 19 9 53 10 33 65 78 79 85 87 26 62 67 90 33 92 79 49 97 21 67 99 43 36 35 95 107 91 109 7 110 112 116 122 122 127 128 128 129 130 144 144
7 8 23 23 42 40 49 3 19 9 53 10 33 65 78 79 85 87 26 62 67 90 33 79 92 49 97 21 67 99 43 36 35 95 107 91 109 7 110 112 116 122 122 127 128 128 129 130 144 144
7 8 23 23 42 40 49 3 19 9 53 10 33 65 78 79 85 87 26 62 67 90 33 79 49 92 97 21 67 99 43 36 35 95 107 91 109 7 110 112 116 122 122 127 128 128 129 130 144 144
7 8 23 23 42 40 49 3 19 9 53 10 33 65 78 79 85 87 26 62 67 90 33 79 49 92 21 97 67 99 43 36 35 95 107 91 109 7 110 112 116 122 122 127 128 128 129 130 144 144
7 8 23 23 42 40 49 3 19 9 53 10 33 65 78 79 85 87 26 62 67 90 33 79 49 92 21 67 97 99 43 36 35 95 107 91 109 7 110 112 116 122 122 127 128 128 129 130 144 144
7 8 23 23 42 40 49 3 19 9 53 10 33 65 78 79 85 87 26 62 67 90 33 79 49 92 21 67 97 43 99 36 35 95 107 91 109 7 110 112 116 122 122 127 128 128 129 130 144 144
7 8 23 23 42 40 49 3 19 9 53 10 33 65 78 79 85 87 26 62 67 90 33 79 49 92 21 67 97 43 36 99 35 95 107 91 109 7 110 112 116 122 122 127 128 128 129 130 144 144
7 8 23 23 42 40 49 3 19 9 53 10 33 65 78 79 85 87 26 62 67 90 33 79 49 92 21 67 97 43 36 35 99 95 107 91 109 7 110 112 116 122 122 127 128 128 129 130 144 144
7 8 23 23 42 40 49 3 19 9 53 10 33 65 78 79 85 87 26 62 67 90 33 79 49 92 21 67 97 43 36 35 95 99 107 91 109 7 110 112 116 122 122 127 128 128 129 130 144 144
7 8 23 23 42 40 49 3 19 9 53 10 33 65 78 79 85 87 26 62 67 90 33 79 49 92 21 67 97 43 36 35 95 99 91 107 109 7 110 112 116 122 122 127 128 128 129 130 144 144
7 8 23 23 42 40 49 3 19 9 53 10 33 65 78 79 85 87 26 62 67 90 33 79 49 92 21 67 97 43 36 35 95 99 91 107 7 109 110 112 116 122 122 127 128 128 129 130 144 144
7 8 23 23 40 42 49 3 19 9 53 10 33 65 78 79 85 87 26 62 67 90 33 79 49 92 21 67 97 43 36 35 95 99 91 107 7 109 110 112 116 122 122 127 128 128 129 130 144 144
7 8 23 23 40 42 3 49 19 9 53 10 33 65 78 79 85 87 26 62 67 90 33 79 49 92 21 67 97 43 36 35 95 99 91 107 7 109 110 112 116 122 122 127 128 128 129 130 144 144
7 8 23 23 40 42 3 19 49 9 53 10 33 65 78 79 85 87 26 62 67 90 33 79 49 92 21 67 97 43 36 35 95 99 91 107 7 109 110 112 116 122 122 127 128 128 129 130 144 144
7 8 23 23 40 42 3 19 9 49 53 10 33 65 78 79 85 87 26 62 67 90 33 79 49 92 21 67 97 43 36 35 95 99 91 107 7 109 110 112 116 122 122 127 128 128 129 130 144 144
7 8 23 23 40 42 3 19 9 49 10 53 33 65 78 79 85 87 26 62 67 90 33 79 49 92 21 67 97 43 36 35 95 99 91 107 7 109 110 112 116 122 122 127 128 128 129 130 144 144
7 8 23 23 40 42 3 19 9 49 10 33 53 65 78 79 85 87 26 62 67 90 33 79 49 92 21 67 97 43 36 35 95 99 91 107 7 109 110 112 116 122 122 127 128 128 129 130 144 144
7 8 23 23 40 42 3 19 9 49 10 33 53 65 78 79 85 26 87 62 67 90 33 79 49 92 21 67 97 43 36 35 95 99 91 107 7 109 110 112 116 122 122 127 128 128 129 130 144 144
7 8 23 23 40 42 3 19 9 49 10 33 53 65 78 79 85 26 62 87 67 90 33 79 49 92 21 67 97 43 36 35 95 99 91 107 7 109 110 112 116 122 122 127 128 128 129 130 144 144
7 8 23 23 40 42 3 19 9 49 10 33 53 65 78 79 85 26 62 67 87 90 33 79 49 92 21 67 97 43 36 35 95 99 91 107 7 109 110 112 116 122 122 127 128 128 129 130 144 144
7 8 23 23 40 42 3 19 9 49 10 33 53 65 78 79 85 26 62 67 87 33 90 79 49 92 21 67 97 43 36 35 95 99 91 107 7 109 110 112 116 122 122 127 128 128 129 130 144 144
7 8 23 23 40 42 3 19 9 49 10 33 53 65 78 79 85 26 62 67 87 33 79 90 49 92 21 67 97 43 36 35 95 99 91 107 7 109 110 112 116 122 122 127 128 128 129 130 144 144
7 8 23 23 40 42 3 19 9 49 10 33 53 65 78 79 85 26 62 67 87 33 79 49 90 92 21 67 97 43 36 35 95 99 91 107 7 109 110 112 116 122 122 127 128 128 129 130 144 144
7 8 23 23 40 42 3 19 9 49 10 33 53 65 78 79 85 26 62 67 87 33 79 49 90 21 92 67 97 43 36 35 95 99 91 107 7 109 110 112 116 122 122 127 128 128 129 130 144 144
7 8 23 23 40 42 3 19 9 49 10 33 53 65 78 79 85 26 62 67 87 33 79 49 90 21 67 92 97 43 36 35 95 99 91 107 7 109 110 112 116 122 122 127 128 128 129 130 144 144
7 8 23 23 40 42 3 19 9 49 10 33 53 65 78 79 85 26 62 67 87 33 79 49 90 21 67 92 43 97 36 35 95 99 91 107 7 109 110 112 116 122 122 127 128 128 129 130 144 144
7 8 23 23 40 42 3 19 9 49 10 33 53 65 78 79 85 26 62 67 87 33 79 49 90 21 67 92 43 36 97 35 95 99 91 107 7 109 110 112 116 122 122 127 128 128 129 130 144 144
7 8 23 23 40 42 3 19 9 49 10 33 53 65 78 79 85 26 62 67 87 33 79 49 90 21 67 92 43 36 35 97 95 99 91 107 7 109 110 112 116 122 122 127 128 128 129 130 144 144
7 8 23 23 40 42 3 19 9 49 10 33 53 65 78 79 85 26 62 67 87 33 79 49 90 21 67 92 43 36 35 95 97 99 91 107 7 109 110 112 116 122 122 127 128 128 129 130 144 144
7 8 23 23 40 42 3 19 9 49 10 33 53 65 78 79 85 26 62 67 87 33 79 49 90 21 67 92 43 36 35 95 97 91 99 107 7 109 110 112 116 122 122 127 128 128 129 130 144 144
7 8 23 23 40 42 3 19 9 49 10 33 53 65 78 79 85 26 62 67 87 33 79 49 90 21 67 92 43 36 35 95 97 91 99 7 107 109 110 112 116 122 122 127 128 128 129 130 144 144
7 8 23 23 40 3 42 19 9 49 10 33 53 65 78 79 85 26 62 67 87 33 79 49 90 21 67 92 43 36 35 95 97 91 99 7 107 109 110 112 116 122 122 127 128 128 129 130 144 144
7 8 23 23 40 3 19 42 9 49 10 33 53 65 78 79 85 26 62 67 87 33 79 49 90 21 67 92 43 36 35 95 97 91 99 7 107 109 110 112 116 122 122 127 128 128 129 130 144 144
7 8 23 23 40 3 19 9 42 49 10 33 53 65 78 79 85 26 62 67 87 33 79 49 90 21 67 92 43 36 35 95 97 91 99 7 107 109 110 112 116 122 122 127 128 128 129 130 144 144
7 8 23 23 40 3 19 9 42 10 49 33 53 65 78 79 85 26 62 67 87 33 79 49 90 21 67 92 43 36 35 95 97 91 99 7 107 109 110 112 116 122 122 127 128 128 129 130 144 144
7 8 23 23 40 3 19 9 42 10 33 49 53 65 78 79 85 26 62 67 87 33 79 49 90 21 67 92 43 36 35 95 97 91 99 7 107 109 110 112 116 122 122 127 128 128 129 130 144 144
7 8 23 23 40 3 19 9 42 10 33 49 53 65 78 79 26 85 62 67 87 33 79 49 90 21 67 92 43 36 35 95 97 91 99 7 107 109 110 112 116 122 122 127 128 128 129 130 144 144
7 8 23 23 40 3 19 9 42 10 33 49 53 65 78 79 26 62 85 67 87 33 79 49 90 21 67 92 43 36 35 95 97 91 99 7 107 109 110 112 116 122 122 127 128 128 129 130 144 144
7 8 23 23 40 3 19 9 42 10 33 49 53 65 78 79 26 62 67 85 87 33 79 49 90 21 67 92 43 36 35 95 97 91 99 7 107 109 110 112 116 122 122 127 128 128 129 130 144 144
7 8 23 23 40 3 19 9 42 10 33 49 53 65 78 79 26 62 67 85 33 87 79 49 90 21 67 92 43 36 35 95 97 91 99 7 107 109 110 112 116 122 122 127 128 128 129 130 144 144
7 8 23 23 40 3 19 9 42 10 33 49 53 65 78 79 26 62 67 85 33 79 87 49 90 21 67 92 43 36 35 95 97 91 99 7 107 109 110 112 116 122 122 127 128 128 129 130 144 144
7 8 23 23 40 3 19 9 42 10 33 49 53 65 78 79 26 62 67 85 33 79 49 87 90 21 67 92 43 36 35 95 97 91 99 7 107 109 110 112 116 122 122 127 128 128 129 130 144 144
7 8 23 23 40 3 19 9 42 10 33 49 53 65 78 79 26 62 67 85 33 79 49 87 21 90 67 92 43 36 35 95 97 91 99 7 107 109 110 112 116 122 122 127 128 128 129 130 144 144
7 8 23 23 40 3 19 9 42 10 33 49 53 65 78 79 26 62 67 85 33 79 49 87 21 67 90 92 43 36 35 95 97 91 99 7 107 109 110 112 116 122 122 127 128 128 129 130 144 144
7 8 23 23 40 3 19 9 42 10 33 49 53 65 78 79 26 62 67 85 33 79 49 87 21 67 90 43 92 36 35 95 97 91 99 7 107 109 110 112 116 122 122 127 128 128 129 130 144 144
7 8 23 23 40 3 19 9 42 10 33 49 53 65 78 79 26 62 67 85 33 79 49 87 21 67 90 43 36 92 35 95 97 91 99 7 107 109 110 112 116 122 122 127 128 128 129 130 144 144
7 8 23 23 40 3 19 9 42 10 33 49 53 65 78 79 26 62 67 85 33 79 49 87 21 67 90 43 36 35 92 95 97 91 99 7 107 109 110 112 116 122 122 127 128 128 129 130 144 144
7 8 23 23 40 3 19 9 42 10 33 49 53 65 78 79 26 62 67 85 33 79 49 87 21 67 90 43 36 35 92 95 91 97 99 7 107 109 110 112 116 122 122 127 128 128 129 130 144 144
7 8 23 23 40 3 19 9 42 10 33 49 53 65 78 79 26 62 67 85 33 79 49 87 21 67 90 43 36 35 92 95 91 97 7 99 107 109 110 112 116 122 122 127 128 128 129 130 144 144
7 8 23 23 3 40 19 9 42 10 33 49 53 65 78 79 26 62 67 85 33 79 49 87 21 67 90 43 36 35 92 95 91 97 7 99 107 109 110 112 116 122 122 127 128 128 129 130 144 144
7 8 23 23 3 19 40 9 42 10 33 49 53 65 78 79 26 62 67 85 33 79 49 87 21 67 90 43 36 35 92 95 91 97 7 99 107 109 110 112 116 122 122 127 128 128 129 130 144 144
7 8 23 23 3 19 9 40 42 10 33 49 53 65 78 79 26 62 67 85 33 79 49 87 21 67 90 43 36 35 92 95 91 97 7 99 107 109 110 112 116 122 122 127 128 128 129 130 144 144
7 8 23 23 3 19 9 40 10 42 33 49 53 65 78 79 26 62 67 85 33 79 49 87 21 67 90 43 36 35 92 95 91 97 7 99 107 109 110 112 116 122 122 127 128 128 129 130 144 144
7 8 23 23 3 19 9 40 10 33 42 49 53 65 78 79 26 62 67 85 33 79 49 87 21 67 90 43 36 35 92 95 91 97 7 99 107 109 110 112 116 122 122 127 128 128 129 130 144 144
7 8 23 23 3 19 9 40 10 33 42 49 53 65 78 26 79 62 67 85 33 79 49 87 21 67 90 43 36 35 92 95 91 97 7 99 107 109 110 112 116 122 122 127 128 128 129 130 144 144
7 8 23 23 3 19 9 40 10 33 42 49 53 65 78 26 62 79 67 85 33 79 49 87 21 67 90 43 36 35 92 95 91 97 7 99 107 109 110 112 116 122 122 127 128 128 129 130 144 144
7 8 23 23 3 19 9 40 10 33 42 49 53 65 78 26 62 67 79 85 33 79 49 87 21 67 90 43 36 35 92 95 91 97 7 99 107 109 110 112 116 122 122 127 128 128 129 130 144 144
7 8 23 23 3 19 9 40 10 33 42 49 53 65 78 26 62 67 79 33 85 79 49 87 21 67 90 43 36 35 92 95 91 97 7 99 107 109 110 112 116 122 122 127 128 128 129 130 144 144
7 8 23 23 3 19 9 40 10 33 42 49 53 65 78 26 62 67 79 33 79 85 49 87 21 67 90 43 36 35 92 95 91 97 7 99 107 109 110 112 116 122 122 127 128 128 129 130 144 144
7 8 23 23 3 19 9 40 10 33 42 49 53 65 78 26 62 67 79 33 79 49 85 87 21 67 90 43 36 35 92 95 91 97 7 99 107 109 110 112 116 122 122 127 128 128 129 130 144 144
7 8 23 23 3 19 9 40 10 33 42 49 53 65 78 26 62 67 79 33 79 49 85 21 87 67 90 43 36 35 92 95 91 97 7 99 107 109 110 112 116 122 122 127 128 128 129 130 144 144
7 8 23 23 3 19 9 40 10 33 42 49 53 65 78 26 62 67 79 33 79 49 85 21 67 87 90 43 36 35 92 95 91 97 7 99 107 109 110 112 116 122 122 127 128 128 129 130 144 144
7 8 23 23 3 19 9 40 10 33 42 49 53 65 78 26 62 67 79 33 79 49 85 21 67 87 43 90 36 35 92 95 91 97 7 99 107 109 110 112 116 122 122 127 128 128 129 130 144 144
7 8 23 23 3 19 9 40 10 33 42 49 53 65 78 26 62 67 79 33 79 49 85 21 67 87 43 36 90 35 92 95 91 97 7 99 107 109 110 112 116 122 122 127 128 128 129 130 144 144
7 8 23 23 3 19 9 40 10 33 42 49 53 65 78 26 62 67 79 33 79 49 85 21 67 87 43 36 35 90 92 95 91 97 7 99 107 109 110 112 116 122 122 127 128 128 129 130 144 144
7 8 23 23 3 19 9 40 10 33 42 49 53 65 78 26 62 67 79 33 79 49 85 21 67 87 43 36 35 90 92 91 95 97 7 99 107 109 110 112 116 122 122 127 128 128 129 130 144 144
7 8 23 23 3 19 9 40 10 33 42 49 53 65 78 26 62 67 79 33 79 49 85 21 67 87 43 36 35 90 92 91 95 7 97 99 107 109 110 112 116 122 122 127 128 128 129 130 144 144
7 8 23 3 23 19 9 40 10 33 42 49 53 65 78 26 62 67 79 33 79 49 85 21 67 87 43 36 35 90 92 91 95 7 97 99 107 109 110 112 116 122 122 127 128 128 129 130 144 144
7 8 23 3 19 23 9 40 10 33 42 49 53 65 78 26 62 67 79 33 79 49 85 21 67 87 43 36 35 90 92 91 95 7 97 99 107 109 110 112 116 122 122 127 128 128 129 130 144 144
7 8 23 3 19 9 23 40 10 33 42 49 53 65 78 26 62 67 79 33 79 49 85 21 67 87 43 36 35 90 92 91 95 7 97 99 107 109 110 112 116 122 122 127 128 128 129 130 144 144
7 8 23 3 19 9 23 10 40 33 42 49 53 65 78 26 62 67 79 33 79 49 85 21 67 87 43 36 35 90 92 91 95 7 97 99 107 109 110 112 116 122 122 127 128 128 129 130 144 144
7 8 23 3 19 9 23 10 33 40 42 49 53 65 78 26 62 67 79 33 79 49 85 21 67 87 43 36 35 90 92 91 95 7 97 99 107 109 110 112 116 122 122 127 128 128 129 130 144 144
7 8 23 3 19 9 23 10 33 40 42 49 53 65 26 78 62 67 79 33 79 49 85 21 67 87 43 36 35 90 92 91 95 7 97 99 107 109 110 112 116 122 122 127 128 128 129 130 144 144
7 8 23 3 19 9 23 10 33 40 42 49 53 65 26 62 78 67 79 33 79 49 85 21 67 87 43 36 35 90 92 91 95 7 97 99 107 109 110 112 116 122 122 127 128 128 129 130 144 144
7 8 23 3 19 9 23 10 33 40 42 49 53 65 26 62 67 78 79 33 79 49 85 21 67 87 43 36 35 90 92 91 95 7 97 99 107 109 110 112 116 122 122 127 128 128 129 130 144 144
7 8 23 3 19 9 23 10 33 40 42 49 53 65 26 62 67 78 33 79 79 49 85 21 67 87 43 36 35 90 92 91 95 7 97 99 107 109 110 112 116 122 122 127 128 128 129 130 144 144
7 8 23 3 19 9 23 10 33 40 42 49 53 65 26 62 67 78 33 79 49 79 85 21 67 87 43 36 35 90 92 91 95 7 97 99 107 109 110 112 116 122 122 127 128 128 129 130 144 144
7 8 23 3 19 9 23 10 33 40 42 49 53 65 26 62 67 78 33 79 49 79 21 85 67 87 43 36 35 90 92 91 95 7 97 99 107 109 110 112 116 122 122 127 128 128 129 130 144 144
7 8 23 3 19 9 23 10 33 40 42 49 53 65 26 62 67 78 33 79 49 79 21 67 85 87 43 36 35 90 92 91 95 7 97 99 107 109 110 112 116 122 122 127 128 128 129 130 144 144
7 8 23 3 19 9 23 10 33 40 42 49 53 65 26 62 67 78 33 79 49 79 21 67 85 43 87 36 35 90 92 91 95 7 97 99 107 109 110 112 116 122 122 127 128 128 129 130 144 144
7 8 23 3 19 9 23 10 33 40 42 49 53 65 26 62 67 78 33 79 49 79 21 67 85 43 36 87 35 90 92 91 95 7 97 99 107 109 110 112 116 122 122 127 128 128 129 130 144 144
7 8 23 3 19 9 23 10 33 40 42 49 53 65 26 62 67 78 33 79 49 79 21 67 85 43 36 35 87 90 92 91 95 7 97 99 107 109 110 112 116 122 122 127 128 128 129 130 144 144
7 8 23 3 19 9 23 10 33 40 42 49 53 65 26 62 67 78 33 79 49 79 21 67 85 43 36 35 87 90 91 92 95 7 97 99 107 109 110 112 116 122 122 127 128 128 129 130 144 144
7 8 23 3 19 9 23 10 33 40 42 49 53 65 26 62 67 78 33 79 49 79 21 67 85 43 36 35 87 90 91 92 7 95 97 99 107 109 110 112 116 122 122 127 128 128 129 130 144 144
7 8 3 23 19 9 23 10 33 40 42 49 53 65 26 62 67 78 33 79 49 79 21 67 85 43 36 35 87 90 91 92 7 95 97 99 107 109 110 112 116 122 122 127 128 128 129 130 144 144
7 8 3 19 23 9 23 10 33 40 42 49 53 65 26 62 67 78 33 79 49 79 21 67 85 43 36 35 87 90 91 92 7 95 97 99 107 109 110 112 116 122 122 127 128 128 129 130 144 144
7 8 3 19 9 23 23 10 33 40 42 49 53 65 26 62 67 78 33 79 49 79 21 67 85 43 36 35 87 90 91 92 7 95 97 99 107 109 110 112 116 122 122 127 128 128 129 130 144 144
7 8 3 19 9 23 10 23 33 40 42 49 53 65 26 62 67 78 33 79 49 79 21 67 85 43 36 35 87 90 91 92 7 95 97 99 107 109 110 112 116 122 122 127 128 128 129 130 144 144
7 8 3 19 9 23 10 23 33 40 42 49 53 26 65 62 67 78 33 79 49 79 21 67 85 43 36 35 87 90 91 92 7 95 97 99 107 109 110 112 116 122 122 127 128 128 129 130 144 144
7 8 3 19 9 23 10 23 33 40 42 49 53 26 62 65 67 78 33 79 49 79 21 67 85 43 36 35 87 90 91 92 7 95 97 99 107 109 110 112 116 122 122 127 128 128 129 130 144 144
7 8 3 19 9 23 10 23 33 40 42 49 53 26 62 65 67 33 78 79 49 79 21 67 85 43 36 35 87 90 91 92 7 95 97 99 107 109 110 112 116 122 122 127 128 128 129 130 144 144
7 8 3 19 9 23 10 23 33 40 42 49 53 26 62 65 67 33 78 49 79 79 21 67 85 43 36 35 87 90 91 92 7 95 97 99 107 109 110 112 116 122 122 127 128 128 129 130 144 144
7 8 3 19 9 23 10 23 33 40 42 49 53 26 62 65 67 33 78 49 79 21 79 67 85 43 36 35 87 90 91 92 7 95 97 99 107 109 110 112 116 122 122 127 128 128 129 130 144 144
7 8 3 19 9 23 10 23 33 40 42 49 53 26 62 65 67 33 78 49 79 21 67 79 85 43 36 35 87 90 91 92 7 95 97 99 107 109 110 112 116 122 122 127 128 128 129 130 144 144
7 8 3 19 9 23 10 23 33 40 42 49 53 26 62 65 67 33 78 49 79 21 67 79 43 85 36 35 87 90 91 92 7 95 97 99 107 109 110 112 116 122 122 127 128 128 129 130 144 144
7 8 3 19 9 23 10 23 33 40 42 49 53 26 62 65 67 33 78 49 79 21 67 79 43 36 85 35 87 90 91 92 7 95 97 99 107 109 110 112 116 122 122 127 128 128 129 130 144 144
7 8 3 19 9 23 10 23 33 40 42 49 53 26 62 65 67 33 78 49 79 21 67 79 43 36 35 85 87 90 91 92 7 95 97 99 107 109 110 112 116 122 122 127 128 128 129 130 144 144
7 8 3 19 9 23 10 23 33 40 42 49 53 26 62 65 67 33 78 49 79 21 67 79 43 36 35 85 87 90 91 7 92 95 97 99 107 109 110 112 116 122 122 127 128 128 129 130 144 144
7 3 8 19 9 23 10 23 33 40 42 49 53 26 62 65 67 33 78 49 79 21 67 79 43 36 35 85 87 90 91 7 92 95 97 99 107 109 110 112 116 122 122 127 128 128 129 130 144 144
7 3 8 9 19 23 10 23 33 40 42 49 53 26 62 65 67 33 78 49 79 21 67 79 43 36 35 85 87 90 91 7 92 95 97 99 107 109 110 112 116 122 122 127 128 128 129 130 144 144
7 3 8 9 19 10 23 23 33 40 42 49 53 26 62 65 67 33 78 49 79 21 67 79 43 36 35 85 87 90 91 7 92 95 97 99 107 109 110 112 116 122 122 127 128 128 129 130 144 144
7 3 8 9 19 10 23 23 33 40 42 49 26 53 62 65 67 33 78 49 79 21 67 79 43 36 35 85 87 90 91 7 92 95 97 99 107 109 110 112 116 122 122 127 128 128 129 130 144 144
7 3 8 9 19 10 23 23 33 40 42 49 26 53 62 65 33 67 78 49 79 21 67 79 43 36 35 85 87 90 91 7 92 95 97 99 107 109 110 112 116 122 122 127 128 128 129 130 144 144
7 3 8 9 19 10 23 23 33 40 42 49 26 53 62 65 33 67 49 78 79 21 67 79 43 36 35 85 87 90 91 7 92 95 97 99 107 109 110 112 116 122 122 127 128 128 129 130 144 144
7 3 8 9 19 10 23 23 33 40 42 49 26 53 62 65 33 67 49 78 21 79 67 79 43 36 35 85 87 90 91 7 92 95 97 99 107 109 110 112 116 122 122 127 128 128 129 130 144 144
7 3 8 9 19 10 23 23 33 40 42 49 26 53 62 65 33 67 49 78 21 67 79 79 43 36 35 85 87 90 91 7 92 95 97 99 107 109 110 112 116 122 122 127 128 128 129 130 144 144
7 3 8 9 19 10 23 23 33 40 42 49 26 53 62 65 33 67 49 78 21 67 79 43 79 36 35 85 87 90 91 7 92 95 97 99 107 109 110 112 116 122 122 127 128 128 129 130 144 144
7 3 8 9 19 10 23 23 33 40 42 49 26 53 62 65 33 67 49 78 21 67 79 43 36 79 35 85 87 90 91 7 92 95 97 99 107 109 110 112 116 122 122 127 128 128 129 130 144 144
7 3 8 9 19 10 23 23 33 40 42 49 26 53 62 65 33 67 49 78 21 67 79 43 36 35 79 85 87 90 91 7 92 95 97 99 107 109 110 112 116 122 122 127 128 128 129 130 144 144
7 3 8 9 19 10 23 23 33 40 42 49 26 53 62 65 33 67 49 78 21 67 79 43 36 35 79 85 87 90 7 91 92 95 97 99 107 109 110 112 116 122 122 127 128 128 129 130 144 144
3 7 8 9 19 10 23 23 33 40 42 49 26 53 62 65 33 67 49 78 21 67 79 43 36 35 79 85 87 90 7 91 92 95 97 99 107 109 110 112 116 122 122 127 128 128 129 130 144 144
3 7 8 9 10 19 23 23 33 40 42 49 26 53 62 65 33 67 49 78 21 67 79 43 36 35 79 85 87 90 7 91 92 95 97 99 107 109 110 112 116 122 122 127 128 128 129 130 144 144
3 7 8 9 10 19 23 23 33 40 42 26 49 53 62 65 33 67 49 78 21 67 79 43 36 35 79 85 87 90 7 91 92 95 97 99 107 109 110 112 116 122 122 127 128 128 129 130 144 144
3 7 8 9 10 19 23 23 33 40 42 26 49 53 62 33 65 67 49 78 21 67 79 43 36 35 79 85 87 90 7 91 92 95 97 99 107 109 110 112 116 122 122 127 128 128 129 130 144 144
3 7 8 9 10 19 23 23 33 40 42 26 49 53 62 33 65 49 67 78 21 67 79 43 36 35 79 85 87 90 7 91 92 95 97 99 107 109 110 112 116 122 122 127 128 128 129 130 144 144
3 7 8 9 10 19 23 23 33 40 42 26 49 53 62 33 65 49 67 21 78 67 79 43 36 35 79 85 87 90 7 91 92 95 97 99 107 109 110 112 116 122 122 127 128 128 129 130 144 144
3 7 8 9 10 19 23 23 33 40 42 26 49 53 62 33 65 49 67 21 67 78 79 43 36 35 79 85 87 90 7 91 92 95 97 99 107 109 110 112 116 122 122 127 128 128 129 130 144 144
3 7 8 9 10 19 23 23 33 40 42 26 49 53 62 33 65 49 67 21 67 78 43 79 36 35 79 85 87 90 7 91 92 95 97 99 107 109 110 112 116 122 122 127 128 128 129 130 144 144
3 7 8 9 10 19 23 23 33 40 42 26 49 53 62 33 65 49 67 21 67 78 43 36 79 35 79 85 87 90 7 91 92 95 97 99 107 109 110 112 116 122 122 127 128 128 129 130 144 144
3 7 8 9 10 19 23 23 33 40 42 26 49 53 62 33 65 49 67 21 67 78 43 36 35 79 79 85 87 90 7 91 92 95 97 99 107 109 110 112 116 122 122 127 128 128 129 130 144 144
3 7 8 9 10 19 23 23 33 40 42 26 49 53 62 33 65 49 67 21 67 78 43 36 35 79 79 85 87 7 90 91 92 95 97 99 107 109 110 112 116 122 122 127 128 128 129 130 144 144
3 7 8 9 10 19 23 23 33 40 26 42 49 53 62 33 65 49 67 21 67 78 43 36 35 79 79 85 87 7 90 91 92 95 97 99 107 109 110 112 116 122 122 127 128 128 129 130 144 144
3 7 8 9 10 19 23 23 33 40 26 42 49 53 33 62 65 49 67 21 67 78 43 36 35 79 79 85 87 7 90 91 92 95 97 99 107 109 110 112 116 122 122 127 128 128 129 130 144 144
3 7 8 9 10 19 23 23 33 40 26 42 49 53 33 62 49 65 67 21 67 78 43 36 35 79 79 85 87 7 90 91 92 95 97 99 107 109 110 112 116 122 122 127 128 128 129 130 144 144
3 7 8 9 10 19 23 23 33 40 26 42 49 53 33 62 49 65 21 67 67 78 43 36 35 79 79 85 87 7 90 91 92 95 97 99 107 109 110 112 116 122 122 127 128 128 129 130 144 144
3 7 8 9 10 19 23 23 33 40 26 42 49 53 33 62 49 65 21 67 67 43 78 36 35 79 79 85 87 7 90 91 92 95 97 99 107 109 110 112 116 122 122 127 128 128 129 130 144 144
3 7 8 9 10 19 23 23 33 40 26 42 49 53 33 62 49 65 21 67 67 43 36 78 35 79 79 85 87 7 90 91 92 95 97 99 107 109 110 112 116 122 122 127 128 128 129 130 144 144
3 7 8 9 10 19 23 23 33 40 26 42 49 53 33 62 49 65 21 67 67 43 36 35 78 79 79 85 87 7 90 91 92 95 97 99 107 109 110 112 116 122 122 127 128 128 129 130 144 144
3 7 8 9 10 19 23 23 33 40 26 42 49 53 33 62 49 65 21 67 67 43 36 35 78 79 79 85 7 87 90 91 92 95 97 99 107 109 110 112 116 122 122 127 128 128 129 130 144 144
3 7 8 9 10 19 23 23 33 26 40 42 49 53 33 62 49 65 21 67 67 43 36 35 78 79 79 85 7 87 90 91 92 95 97 99 107 109 110 112 116 122 122 127 128 128 129 130 144 144
3 7 8 9 10 19 23 23 33 26 40 42 49 33 53 62 49 65 21 67 67 43 36 35 78 79 79 85 7 87 90 91 92 95 97 99 107 109 110 112 116 122 122 127 128 128 129 130 144 144
3 7 8 9 10 19 23 23 33 26 40 42 49 33 53 49 62 65 21 67 67 43 36 35 78 79 79 85 7 87 90 91 92 95 97 99 107 109 110 112 116 122 122 127 128 128 129 130 144 144
3 7 8 9 10 19 23 23 33 26 40 42 49 33 53 49 62 21 65 67 67 43 36 35 78 79 79 85 7 87 90 91 92 95 97 99 107 109 110 112 116 122 122 127 128 128 129 130 144 144
3 7 8 9 10 19 23 23 33 26 40 42 49 33 53 49 62 21 65 67 43 67 36 35 78 79 79 85 7 87 90 91 92 95 97 99 107 109 110 112 116 122 122 127 128 128 129 130 144 144
3 7 8 9 10 19 23 23 33 26 40 42 49 33 53 49 62 21 65 67 43 36 67 35 78 79 79 85 7 87 90 91 92 95 97 99 107 109 110 112 116 122 122 127 128 128 129 130 144 144
3 7 8 9 10 19 23 23 33 26 40 42 49 33 53 49 62 21 65 67 43 36 35 67 78 79 79 85 7 87 90 91 92 95 97 99 107 109 110 112 116 122 122 127 128 128 129 130 144 144
3 7 8 9 10 19 23 23 33 26 40 42 49 33 53 49 62 21 65 67 43 36 35 67 78 79 79 7 85 87 90 91 92 95 97 99 107 109 110 112 116 122 122 127 128 128 129 130 144 144
3 7 8 9 10 19 23 23 26 33 40 42 49 33 53 49 62 21 65 67 43 36 35 67 78 79 79 7 85 87 90 91 92 95 97 99 107 109 110 112 116 122 122 127 128 128 129 130 144 144
3 7 8 9 10 19 23 23 26 33 40 42 33 49 53 49 62 21 65 67 43 36 35 67 78 79 79 7 85 87 90 91 92 95 97 99 107 109 110 112 116 122 122 127 128 128 129 130 144 144
3 7 8 9 10 19 23 23 26 33 40 42 33 49 49 53 62 21 65 67 43 36 35 67 78 79 79 7 85 87 90 91 92 95 97 99 107 109 110 112 116 122 122 127 128 128 129 130 144 144
3 7 8 9 10 19 23 23 26 33 40 42 33 49 49 53 21 62 65 67 43 36 35 67 78 79 79 7 85 87 90 91 92 95 97 99 107 109 110 112 116 122 122 127 128 128 129 130 144 144
3 7 8 9 10 19 23 23 26 33 40 42 33 49 49 53 21 62 65 43 67 36 35 67 78 79 79 7 85 87 90 91 92 95 97 99 107 109 110 112 116 122 122 127 128 128 129 130 144 144
3 7 8 9 10 19 23 23 26 33 40 42 33 49 49 53 21 62 65 43 36 67 35 67 78 79 79 7 85 87 90 91 92 95 97 99 107 109 110 112 116 122 122 127 128 128 129 130 144 144
3 7 8 9 10 19 23 23 26 33 40 42 33 49 49 53 21 62 65 43 36 35 67 67 78 79 79 7 85 87 90 91 92 95 97 99 107 109 110 112 116 122 122 127 128 128 129 130 144 144
3 7 8 9 10 19 23 23 26 33 40 42 33 49 49 53 21 62 65 43 36 35 67 67 78 79 7 79 85 87 90 91 92 95 97 99 107 109 110 112 116 122 122 127 128 128 129 130 144 144
3 7 8 9 10 19 23 23 26 33 40 33 42 49 49 53 21 62 65 43 36 35 67 67 78 79 7 79 85 87 90 91 92 95 97 99 107 109 110 112 116 122 122 127 128 128 129 130 144 144
3 7 8 9 10 19 23 23 26 33 40 33 42 49 49 21 53 62 65 43 36 35 67 67 78 79 7 79 85 87 90 91 92 95 97 99 107 109 110 112 116 122 122 127 128 128 129 130 144 144
3 7 8 9 10 19 23 23 26 33 40 33 42 49 49 21 53 62 43 65 36 35 67 67 78 79 7 79 85 87 90 91 92 95 97 99 107 109 110 112 116 122 122 127 128 128 129 130 144 144
3 7 8 9 10 19 23 23 26 33 40 33 42 49 49 21 53 62 43 36 65 35 67 67 78 79 7 79 85 87 90 91 92 95 97 99 107 109 110 112 116 122 122 127 128 128 129 130 144 144
3 7 8 9 10 19 23 23 26 33 40 33 42 49 49 21 53 62 43 36 35 65 67 67 78 79 7 79 85 87 90 91 92 95 97 99 107 109 110 112 116 122 122 127 128 128 129 130 144 144
3 7 8 9 10 19 23 23 26 33 40 33 42 49 49 21 53 62 43 36 35 65 67 67 78 7 79 79 85 87 90 91 92 95 97 99 107 109 110 112 116 122 122 127 128 128 129 130 144 144
3 7 8 9 10 19 23 23 26 33 33 40 42 49 49 21 53 62 43 36 35 65 67 67 78 7 79 79 85 87 90 91 92 95 97 99 107 109 110 112 116 122 122 127 128 128 129 130 144 144
3 7 8 9 10 19 23 23 26 33 33 40 42 49 21 49 53 62 43 36 35 65 67 67 78 7 79 79 85 87 90 91 92 95 97 99 107 109 110 112 116 122 122 127 128 128 129 130 144 144
3 7 8 9 10 19 23 23 26 33 33 40 42 49 21 49 53 43 62 36 35 65 67 67 78 7 79 79 85 87 90 91 92 95 97 99 107 109 110 112 116 122 122 127 128 128 129 130 144 144
3 7 8 9 10 19 23 23 26 33 33 40 42 49 21 49 53 43 36 62 35 65 67 67 78 7 79 79 85 87 90 91 92 95 97 99 107 109 110 112 116 122 122 127 128 128 129 130 144 144
3 7 8 9 10 19 23 23 26 33 33 40 42 49 21 49 53 43 36 35 62 65 67 67 78 7 79 79 85 87 90 91 92 95 97 99 107 109 110 112 116 122 122 127 128 128 129 130 144 144
3 7 8 9 10 19 23 23 26 33 33 40 42 49 21 49 53 43 36 35 62 65 67 67 7 78 79 79 85 87 90 91 92 95 97 99 107 109 110 112 116 122 122 127 128 128 129 130 144 144
3 7 8 9 10 19 23 23 26 33 33 40 42 21 49 49 53 43 36 35 62 65 67 67 7 78 79 79 85 87 90 91 92 95 97 99 107 109 110 112 116 122 122 127 128 128 129 130 144 144
3 7 8 9 10 19 23 23 26 33 33 40 42 21 49 49 43 53 36 35 62 65 67 67 7 78 79 79 85 87 90 91 92 95 97 99 107 109 110 112 116 122 122 127 128 128 129 130 144 144
3 7 8 9 10 19 23 23 26 33 33 40 42 21 49 49 43 36 53 35 62 65 67 67 7 78 79 79 85 87 90 91 92 95 97 99 107 109 110 112 116 122 122 127 128 128 129 130 144 144
3 7 8 9 10 19 23 23 26 33 33 40 42 21 49 49 43 36 35 53 62 65 67 67 7 78 79 79 85 87 90 91 92 95 97 99 107 109 110 112 116 122 122 127 128 128 129 130 144 144
3 7 8 9 10 19 23 23 26 33 33 40 42 21 49 49 43 36 35 53 62 65 67 7 67 78 79 79 85 87 90 91 92 95 97 99 107 109 110 112 116 122 122 127 128 128 129 130 144 144
3 7 8 9 10 19 23 23 26 33 33 40 21 42 49 49 43 36 35 53 62 65 67 7 67 78 79 79 85 87 90 91 92 95 97 99 107 109 110 112 116 122 122 127 128 128 129 130 144 144
3 7 8 9 10 19 23 23 26 33 33 40 21 42 49 43 49 36 35 53 62 65 67 7 67 78 79 79 85 87 90 91 92 95 97 99 107 109 110 112 116 122 122 127 128 128 129 130 144 144
3 7 8 9 10 19 23 23 26 33 33 40 21 42 49 43 36 49 35 53 62 65 67 7 67 78 79 79 85 87 90 91 92 95 97 99 107 109 110 112 116 122 122 127 128 128 129 130 144 144
3 7 8 9 10 19 23 23 26 33 33 40 21 42 49 43 36 35 49 53 62 65 67 7 67 78 79 79 85 87 90 91 92 95 97 99 107 109 110 112 116 122 122 127 128 128 129 130 144 144
3 7 8 9 10 19 23 23 26 33 33 40 21 42 49 43 36 35 49 53 62 65 7 67 67 78 79 79 85 87 90 91 92 95 97 99 107 109 110 112 116 122 122 127 128 128 129 130 144 144
3 7 8 9 10 19 23 23 26 33 33 21 40 42 49 43 36 35 49 53 62 65 7 67 67 78 79 79 85 87 90 91 92 95 97 99 107 109 110 112 116 122 122 127 128 128 129 130 144 144
3 7 8 9 10 19 23 23 26 33 33 21 40 42 43 49 36 35 49 53 62 65 7 67 67 78 79 79 85 87 90 91 92 95 97 99 107 109 110 112 116 122 122 127 128 128 129 130 144 144
3 7 8 9 10 19 23 23 26 33 33 21 40 42 43 36 49 35 49 53 62 65 7 67 67 78 79 79 85 87 90 91 92 95 97 99 107 109 110 112 116 122 122 127 128 128 129 130 144 144
3 7 8 9 10 19 23 23 26 33 33 21 40 42 43 36 35 49 49 53 62 65 7 67 67 78 79 79 85 87 90 91 92 95 97 99 107 109 110 112 116 122 122 127 128 128 129 130 144 144
3 7 8 9 10 19 23 23 26 33 33 21 40 42 43 36 35 49 49 53 62 7 65 67 67 78 79 79 85 87 90 91 92 95 97 99 107 109 110 112 116 122 122 127 128 128 129 130 144 144
3 7 8 9 10 19 23 23 26 33 21 33 40 42 43 36 35 49 49 53 62 7 65 67 67 78 79 79 85 87 90 91 92 95 97 99 107 109 110 112 116 122 122 127 128 128 129 130 144 144
3 7 8 9 10 19 23 23 26 33 21 33 40 42 36 43 35 49 49 53 62 7 65 67 67 78 79 79 85 87 90 91 92 95 97 99 107 109 110 112 116 122 122 127 128 128 129 130 144 144
3 7 8 9 10 19 23 23 26 33 21 33 40 42 36 35 43 49 49 53 62 7 65 67 67 78 79 79 85 87 90 91 92 95 97 99 107 109 110 112 116 122 122 127 128 128 129 130 144 144
3 7 8 9 10 19 23 23 26 33 21 33 40 42 36 35 43 49 49 53 7 62 65 67 67 78 79 79 85 87 90 91 92 95 97 99 107 109 110 112 116 122 122 127 128 128 129 130 144 144
3 7 8 9 10 19 23 23 26 21 33 33 40 42 36 35 43 49 49 53 7 62 65 67 67 78 79 79 85 87 90 91 92 95 97 99 107 109 110 112 116 122 122 127 128 128 129 130 144 144
3 7 8 9 10 19 23 23 26 21 33 33 40 36 42 35 43 49 49 53 7 62 65 67 67 78 79 79 85 87 90 91 92 95 97 99 107 109 110 112 116 122 122 127 128 128 129 130 144 144
3 7 8 9 10 19 23 23 26 21 33 33 40 36 35 42 43 49 49 53 7 62 65 67 67 78 79 79 85 87 90 91 92 95 97 99 107 109 110 112 116 122 122 127 128 128 129 130 144 144
3 7 8 9 10 19 23 23 26 21 33 33 40 36 35 42 43 49 49 7 53 62 65 67 67 78 79 79 85 87 90 91 92 95 97 99 107 109 110 112 116 122 122 127 128 128 129 130 144 144
3 7 8 9 10 19 23 23 21 26 33 33 40 36 35 42 43 49 49 7 53 62 65 67 67 78 79 79 85 87 90 91 92 95 97 99 107 109 110 112 116 122 122 127 128 128 129 130 144 144
3 7 8 9 10 19 23 23 21 26 33 33 36 40 35 42 43 49 49 7 53 62 65 67 67 78 79 79 85 87 90 91 92 95 97 99 107 109 110 112 116 122 122 127 128 128 129 130 144 144
3 7 8 9 10 19 23 23 21 26 33 33 36 35 40 42 43 49 49 7 53 62 65 67 67 78 79 79 85 87 90 91 92 95 97 99 107 109 110 112 116 122 122 127 128 128 129 130 144 144
3 7 8 9 10 19 23 23 21 26 33 33 36 35 40 42 43 49 7 49 53 62 65 67 67 78 79 79 85 87 90 91 92 95 97 99 107 109 110 112 116 122 122 127 128 128 129 130 144 144
3 7 8 9 10 19 23 21 23 26 33 33 36 35 40 42 43 49 7 49 53 62 65 67 67 78 79 79 85 87 90 91 92 95 97 99 107 109 110 112 116 122 122 127 128 128 129 130 144 144
3 7 8 9 10 19 23 21 23 26 33 33 35 36 40 42 43 49 7 49 53 62 65 67 67 78 79 79 85 87 90 91 92 95 97 99 107 109 110 112 116 122 122 127 128 128 129 130 144 144
3 7 8 9 10 19 23 21 23 26 33 33 35 36 40 42 43 7 49 49 53 62 65 67 67 78 79 79 85 87 90 91 92 95 97 99 107 109 110 112 116 122 122 127 128 128 129 130 144 144
3 7 8 9 10 19 21 23 23 26 33 33 35 36 40 42 43 7 49 49 53 62 65 67 67 78 79 79 85 87 90 91 92 95 97 99 107 109 110 112 116 122 122 127 128 128 129 130 144 144
3 7 8 9 10 19 21 23 23 26 33 33 35 36 40 42 7 43 49 49 53 62 65 67 67 78 79 79 85 87 90 91 92 95 97 99 107 109 110 112 116 122 122 127 128 128 129 130 144 144
3 7 8 9 10 19 21 23 23 26 33 33 35 36 40 7 42 43 49 49 53 62 65 67 67 78 79 79 85 87 90 91 92 95 97 99 107 109 110 112 116 122 122 127 128 128 129 130 144 144
3 7 8 9 10 19 21 23 23 26 33 33 35 36 7 40 42 43 49 49 53 62 65 67 67 78 79 79 85 87 90 91 92 95 97 99 107 109 110 112 116 122 122 127 128 128 129 130 144 144
3 7 8 9 10 19 21 23 23 26 33 33 35 7 36 40 42 43 49 49 53 62 65 67 67 78 79 79 85 87 90 91 92 95 97 99 107 109 110 112 116 122 122 127 128 128 129 130 144 144
3 7 8 9 10 19 21 23 23 26 33 33 7 35 36 40 42 43 49 49 53 62 65 67 67 78 79 79 85 87 90 91 92 95 97 99 107 109 110 112 116 122 122 127 128 128 129 130 144 144
3 7 8 9 10 19 21 23 23 26 33 7 33 35 36 40 42 43 49 49 53 62 65 67 67 78 79 79 85 87 90 91 92 95 97 99 107 109 110 112 116 122 122 127 128 128 129 130 144 144
3 7 8 9 10 19 21 23 23 26 7 33 33 35 36 40 42 43 49 49 53 62 65 67 67 78 79 79 85 87 90 91 92 95 97 99 107 109 110 112 116 122 122 127 128 128 129 130 144 144
3 7 8 9 10 19 21 23 23 7 26 33 33 35 36 40 42 43 49 49 53 62 65 67 67 78 79 79 85 87 90 91 92 95 97 99 107 109 110 112 116 122 122 127 128 128 129 130 144 144
3 7 8 9 10 19 21 23 7 23 26 33 33 35 36 40 42 43 49 49 53 62 65 67 67 78 79 79 85 87 90 91 92 95 97 99 107 109 110 112 116 122 122 127 128 128 129 130 144 144
3 7 8 9 10 19 21 7 23 23 26 33 33 35 36 40 42 43 49 49 53 62 65 67 67 78 79 79 85 87 90 91 92 95 97 99 107 109 110 112 116 122 122 127 128 128 129 130 144 144
3 7 8 9 10 19 7 21 23 23 26 33 33 35 36 40 42 43 49 49 53 62 65 67 67 78 79 79 85 87 90 91 92 95 97 99 107 109 110 112 116 122 122 127 128 128 129 130 144 144
3 7 8 9 10 7 19 21 23 23 26 33 33 35 36 40 42 43 49 49 53 62 65 67 67 78 79 79 85 87 90 91 92 95 97 99 107 109 110 112 116 122 122 127 128 128 129 130 144 144
3 7 8 9 7 10 19 21 23 23 26 33 33 35 36 40 42 43 49 49 53 62 65 67 67 78 79 79 85 87 90 91 92 95 97 99 107 109 110 112 116 122 122 127 128 128 129 130 144 144
3 7 8 7 9 10 19 21 23 23 26 33 33 35 36 40 42 43 49 49 53 62 65 67 67 78 79 79 85 87 90 91 92 95 97 99 107 109 110 112 116 122 122 127 128 128 129 130 144 144
3 7 7 8 9 10 19 21 23 23 26 33 33 35 36 40 42 43 49 49 53 62 65 67 67 78 79 79 85 87 90 91 92 95 97 99 107 109 110 112 116 122 122 127 128 128 129 130 144 144
