7 49 23 8 130 122 144 128 23 109 90 65 42 92 87 53 127 79 40 112 3 19 9 107 10 33 99 78 116 85 97 26 62 67 110 33 79 49 129 21 67 122 43 36 35 95 128 91 144 7
7 49 23 8 130 122 144 128 23 109 90 65 42 92 87 53 127 79 40 112 3 19 9 107 10 33 99 78 116 85 97 26 62 67 110 33 79 49 129 21 67 122 43 36 35 95 128 91 144 7
7 23 49 8 130 122 144 128 23 109 90 65 42 92 87 53 127 79 40 112 3 19 9 107 10 33 99 78 116 85 97 26 62 67 110 33 79 49 129 21 67 122 43 36 35 95 128 91 144 7
7 8 23 49 130 122 144 128 23 109 90 65 42 92 87 53 127 79 40 112 3 19 9 107 10 33 99 78 116 85 97 26 62 67 110 33 79 49 129 21 67 122 43 36 35 95 128 91 144 7
7 8 23 49 130 122 144 128 23 109 90 65 42 92 87 53 127 79 40 112 3 19 9 107 10 33 99 78 116 85 97 26 62 67 110 33 79 49 129 21 67 122 43 36 35 95 128 91 144 7
7 8 23 49 122 130 144 128 23 109 90 65 42 92 87 53 127 79 40 112 3 19 9 107 10 33 99 78 116 85 97 26 62 67 110 33 79 49 129 21 67 122 43 36 35 95 128 91 144 7
7 8 23 49 122 130 144 128 23 109 90 65 42 92 87 53 127 79 40 112 3 19 9 107 10 33 99 78 116 85 97 26 62 67 110 33 79 49 129 21 67 122 43 36 35 95 128 91 144 7
7 8 23 49 122 128 130 144 23 109 90 65 42 92 87 53 127 79 40 112 3 19 9 107 10 33 99 78 116 85 97 26 62 67 110 33 79 49 129 21 67 122 43 36 35 95 128 91 144 7
7 8 23 23 49 122 128 130 144 109 90 65 42 92 87 53 127 79 40 112 3 19 9 107 10 33 99 78 116 85 97 26 62 67 110 33 79 49 129 21 67 122 43 36 35 95 128 91 144 7
7 8 23 23 49 109 122 128 130 144 90 65 42 92 87 53 127 79 40 112 3 19 9 107 10 33 99 78 116 85 97 26 62 67 110 33 79 49 129 21 67 122 43 36 35 95 128 91 144 7
7 8 23 23 49 90 109 122 128 130 144 65 42 92 87 53 127 79 40 112 3 19 9 107 10 33 99 78 116 85 97 26 62 67 110 33 79 49 129 21 67 122 43 36 35 95 128 91 144 7
7 8 23 23 49 65 90 109 122 128 130 144 42 92 87 53 127 79 40 112 3 19 9 107 10 33 99 78 116 85 97 26 62 67 110 33 79 49 129 21 67 122 43 36 35 95 128 91 144 7
7 8 23 23 42 49 65 90 109 122 128 130 144 92 87 53 127 79 40 112 3 19 9 107 10 33 99 78 116 85 97 26 62 67 110 33 79 49 129 21 67 122 43 36 35 95 128 91 144 7
7 8 23 23 42 49 65 90 92 109 122 128 130 144 87 53 127 79 40 112 3 19 9 107 10 33 99 78 116 85 97 26 62 67 110 33 79 49 129 21 67 122 43 36 35 95 128 91 144 7
7 8 23 23 42 49 65 87 90 92 109 122 128 130 144 53 127 79 40 112 3 19 9 107 10 33 99 78 116 85 97 26 62 67 110 33 79 49 129 21 67 122 43 36 35 95 128 91 144 7
7 8 23 23 42 49 53 65 87 90 92 109 122 128 130 144 127 79 40 112 3 19 9 107 10 33 99 78 116 85 97 26 62 67 110 33 79 49 129 21 67 122 43 36 35 95 128 91 144 7
7 8 23 23 42 49 53 65 87 90 92 109 122 127 128 130 144 79 40 112 3 19 9 107 10 33 99 78 116 85 97 26 62 67 110 33 79 49 129 21 67 122 43 36 35 95 128 91 144 7
7 8 23 23 42 49 53 65 79 87 90 92 109 122 127 128 130 144 40 112 3 19 9 107 10 33 99 78 116 85 97 26 62 67 110 33 79 49 129 21 67 122 43 36 35 95 128 91 144 7
7 8 23 23 40 42 49 53 65 79 87 90 92 109 122 127 128 130 144 112 3 19 9 107 10 33 99 78 116 85 97 26 62 67 110 33 79 49 129 21 67 122 43 36 35 95 128 91 144 7
7 8 23 23 40 42 49 53 65 79 87 90 92 109 112 122 127 128 130 144 3 19 9 107 10 33 99 78 116 85 97 26 62 67 110 33 79 49 129 21 67 122 43 36 35 95 128 91 144 7
3 7 8 23 23 40 42 49 53 65 79 87 90 92 109 112 122 127 128 130 144 19 9 107 10 33 99 78 116 85 97 26 62 67 110 33 79 49 129 21 67 122 43 36 35 95 128 91 144 7
3 7 8 19 23 23 40 42 49 53 65 79 87 90 92 109 112 122 127 128 130 144 9 107 10 33 99 78 116 85 97 26 62 67 110 33 79 49 129 21 67 122 43 36 35 95 128 91 144 7
3 7 8 9 19 23 23 40 42 49 53 65 79 87 90 92 109 112 122 127 128 130 144 107 10 33 99 78 116 85 97 26 62 67 110 33 79 49 129 21 67 122 43 36 35 95 128 91 144 7
3 7 8 9 19 23 23 40 42 49 53 65 79 87 90 92 107 109 112 122 127 128 130 144 10 33 99 78 116 85 97 26 62 67 110 33 79 49 129 21 67 122 43 36 35 95 128 91 144 7
3 7 8 9 10 19 23 23 40 42 49 53 65 79 87 90 92 107 109 112 122 127 128 130 144 33 99 78 116 85 97 26 62 67 110 33 79 49 129 21 67 122 43 36 35 95 128 91 144 7
3 7 8 9 10 19 23 23 33 40 42 49 53 65 79 87 90 92 107 109 112 122 127 128 130 144 99 78 116 85 97 26 62 67 110 33 79 49 129 21 67 122 43 36 35 95 128 91 144 7
3 7 8 9 10 19 23 23 33 40 42 49 53 65 79 87 90 92 99 107 109 112 122 127 128 130 144 78 116 85 97 26 62 67 110 33 79 49 129 21 67 122 43 36 35 95 128 91 144 7
3 7 8 9 10 19 23 23 33 40 42 49 53 65 78 79 87 90 92 99 107 109 112 122 127 128 130 144 116 85 97 26 62 67 110 33 79 49 129 21 67 122 43 36 35 95 128 91 144 7
3 7 8 9 10 19 23 23 33 40 42 49 53 65 78 79 87 90 92 99 107 109 112 116 122 127 128 130 144 85 97 26 62 67 110 33 79 49 129 21 67 122 43 36 35 95 128 91 144 7
3 7 8 9 10 19 23 23 33 40 42 49 53 65 78 79 85 87 90 92 99 107 109 112 116 122 127 128 130 144 97 26 62 67 110 33 79 49 129 21 67 122 43 36 35 95 128 91 144 7
3 7 8 9 10 19 23 23 33 40 42 49 53 65 78 79 85 87 90 92 97 99 107 109 112 116 122 127 128 130 144 26 62 67 110 33 79 49 129 21 67 122 43 36 35 95 128 91 144 7
3 7 8 9 10 19 23 23 26 33 40 42 49 53 65 78 79 85 87 90 92 97 99 107 109 112 116 122 127 128 130 144 62 67 110 33 79 49 129 21 67 122 43 36 35 95 128 91 144 7
3 7 8 9 10 19 23 23 26 33 40 42 49 53 62 65 78 79 85 87 90 92 97 99 107 109 112 116 122 127 128 130 144 67 110 33 79 49 129 21 67 122 43 36 35 95 128 91 144 7
3 7 8 9 10 19 23 23 26 33 40 42 49 53 62 65 67 78 79 85 87 90 92 97 99 107 109 112 116 122 127 128 130 144 110 33 79 49 129 21 67 122 43 36 35 95 128 91 144 7
3 7 8 9 10 19 23 23 26 33 40 42 49 53 62 65 67 78 79 85 87 90 92 97 99 107 109 110 112 116 122 127 128 130 144 33 79 49 129 21 67 122 43 36 35 95 128 91 144 7
3 7 8 9 10 19 23 23 26 33 33 40 42 49 53 62 65 67 78 79 85 87 90 92 97 99 107 109 110 112 116 122 127 128 130 144 79 49 129 21 67 122 43 36 35 95 128 91 144 7
3 7 8 9 10 19 23 23 26 33 33 40 42 49 53 62 65 67 78 79 79 85 87 90 92 97 99 107 109 110 112 116 122 127 128 130 144 49 129 21 67 122 43 36 35 95 128 91 144 7
3 7 8 9 10 19 23 23 26 33 33 40 42 49 49 53 62 65 67 78 79 79 85 87 90 92 97 99 107 109 110 112 116 122 127 128 130 144 129 21 67 122 43 36 35 95 128 91 144 7
3 7 8 9 10 19 23 23 26 33 33 40 42 49 49 53 62 65 67 78 79 79 85 87 90 92 97 99 107 109 110 112 116 122 127 128 129 130 144 21 67 122 43 36 35 95 128 91 144 7
3 7 8 9 10 19 21 23 23 26 33 33 40 42 49 49 53 62 65 67 78 79 79 85 87 90 92 97 99 107 109 110 112 116 122 127 128 129 130 144 67 122 43 36 35 95 128 91 144 7
3 7 8 9 10 19 21 23 23 26 33 33 40 42 49 49 53 62 65 67 67 78 79 79 85 87 90 92 97 99 107 109 110 112 116 122 127 128 129 130 144 122 43 36 35 95 128 91 144 7
3 7 8 9 10 19 21 23 23 26 33 33 40 42 49 49 53 62 65 67 67 78 79 79 85 87 90 92 97 99 107 109 110 112 116 122 122 127 128 129 130 144 43 36 35 95 128 91 144 7
3 7 8 9 10 19 21 23 23 26 33 33 40 42 43 49 49 53 62 65 67 67 78 79 79 85 87 90 92 97 99 107 109 110 112 116 122 122 127 128 129 130 144 36 35 95 128 91 144 7
3 7 8 9 10 19 21 23 23 26 33 33 36 40 42 43 49 49 53 62 65 67 67 78 79 79 85 87 90 92 97 99 107 109 110 112 116 122 122 127 128 129 130 144 35 95 128 91 144 7
3 7 8 9 10 19 21 23 23 26 33 33 35 36 40 42 43 49 49 53 62 65 67 67 78 79 79 85 87 90 92 97 99 107 109 110 112 116 122 122 127 128 129 130 144 95 128 91 144 7
3 7 8 9 10 19 21 23 23 26 33 33 35 36 40 42 43 49 49 53 62 65 67 67 78 79 79 85 87 90 92 95 97 99 107 109 110 112 116 122 122 127 128 129 130 144 128 91 144 7
3 7 8 9 10 19 21 23 23 26 33 33 35 36 40 42 43 49 49 53 62 65 67 67 78 79 79 85 87 90 92 95 97 99 107 109 110 112 116 122 122 127 128 128 129 130 144 91 144 7
3 7 8 9 10 19 21 23 23 26 33 33 35 36 40 42 43 49 49 53 62 65 67 67 78 79 79 85 87 90 91 92 95 97 99 107 109 110 112 116 122 122 127 128 128 129 130 144 144 7
3 7 8 9 10 19 21 23 23 26 33 33 35 36 40 42 43 49 49 53 62 65 67 67 78 79 79 85 87 90 91 92 95 97 99 107 109 110 112 116 122 122 127 128 128 129 130 144 144 7
3 7 7 8 9 10 19 21 23 23 26 33 33 35 36 40 42 43 49 49 53 62 65 67 67 78 79 79 85 87 90 91 92 95 97 99 107 109 110 112 116 122 122 127 128 128 129 130 144 144
