7 49 23 8 130 122 144 128 23 109 90 65 42 92 87 53 127 79 40 112 3 19 9 107 10 33 99 78 116 85 97 26 62 67 110 33 79 49 129 21 67 122 43 36 35 95 128 91 144 7
7 49 23 8 130 122 144 128 23 109 90 65 42 92 87 53 127 79 40 112 3 19 9 107 10 33 99 78 116 85 97 26 62 67 110 33 79 49 129 21 67 122 43 36 35 95 128 91 144 7
7 3 23 8 130 122 144 128 23 109 90 65 42 92 87 53 127 79 40 112 49 19 9 107 10 33 99 78 116 85 97 26 62 67 110 33 79 49 129 21 67 122 43 36 35 95 128 91 144 7
7 3 7 8 130 122 144 128 23 109 90 65 42 92 87 53 127 79 40 112 49 19 9 107 10 33 99 78 116 85 97 26 62 67 110 33 79 49 129 21 67 122 43 36 35 95 128 91 144 23
3 7
3 7 7 8 130 122 144 128 23 109 90 65 42 92 87 53 127 79 40 112 49 19 9 107 10 33 99 78 116 85 97 26 62 67 110 33 79 49 129 21 67 122 43 36 35 95 128 91 144 23
3 7 7 8 23 122 144 128 130 109 90 65 42 92 87 53 127 79 40 112 49 19 9 107 10 33 99 78 116 85 97 26 62 67 110 33 79 49 129 21 67 122 43 36 35 95 128 91 144 23
3 7 7 8 23 19 144 128 130 109 90 65 42 92 87 53 127 79 40 112 49 122 9 107 10 33 99 78 116 85 97 26 62 67 110 33 79 49 129 21 67 122 43 36 35 95 128 91 144 23
3 7 7 8 23 19 9 128 130 109 90 65 42 92 87 53 127 79 40 112 49 122 144 107 10 33 99 78 116 85 97 26 62 67 110 33 79 49 129 21 67 122 43 36 35 95 128 91 144 23
3 7 7 8 23 19 9 10 130 109 90 65 42 92 87 53 127 79 40 112 49 122 144 107 128 33 99 78 116 85 97 26 62 67 110 33 79 49 129 21 67 122 43 36 35 95 128 91 144 23
3 7 7 8 23 19 9 10 21 109 90 65 42 92 87 53 127 79 40 112 49 122 144 107 128 33 99 78 116 85 97 26 62 67 110 33 79 49 129 130 67 122 43 36 35 95 128 91 144 23
3 7 7 8 23 19 9 10 21 23 90 65 42 92 87 53 127 79 40 112 49 122 144 107 128 33 99 78 116 85 97 26 62 67 110 33 79 49 129 130 67 122 43 36 35 95 128 91 144 109
3 7 7 8 23 19 9 10 21
3 7 7 8 19 23 9 10 21
3 7 7 8 19 9 23 10 21
3 7 7 8 19 9 10 23 21
3 7 7 8 19 9 10 21 23
3 7 7 8 19 9 10
3 7 7 8 9 19 10
3 7 7 8 9 10 19
3 7 7 8 9
3 7 7 8 9
3 7 7 8 9 10 19 21 23 23 90 65 42 92 87 53 127 79 40 112 49 122 144 107 128 33 99 78 116 85 97 26 62 67 110 33 79 49 129 130 67 122 43 36 35 95 128 91 144 109
3 7 7 8 9 10 19 21 23 23 90 65 42 92 87 53 127 79 40 112 49 122 144 107 128 33 99 78 116 85 97 26 62 67 110 33 79 49 129 130 67 122 43 36 35 95 128 91 144 109
3 7 7 8 9 10 19 21 23 23 90 65 42 92 87 53 127 79 40 112 49 122 144 107 128 33 99 78 116 85 97 26 62 67 110 33 79 49 129 130 67 122 43 36 35 95 128 91 144 109
3 7 7 8 9 10 19 21 23 23 90 65 42 92 87 53 127 79 40 112 49 122 144 107 128 33 99 78 116 85 97 26 62 67 110 33 79 49 129 130 67 122 43 36 35 95 128 91 144 109
3 7 7 8 9 10 19 21 23 23 90 65 42 92 87 53 127 79 40 112 49 122 144 107 128 33 99 78 116 85 97 26 62 67 110 33 79 49 129 130 67 122 43 36 35 95 128 91 144 109
3 7 7 8 9 10 19 21 23 23 90 65 42 92 87 53 127 79 40 112 49 122 144 107 128 33 99 78 116 85 97 26 62 67 110 33 79 49 129 130 67 122 43 36 35 95 128 91 144 109
3 7 7 8 9 10 19 21 23 23 90 65 42 92 87 53 79 127 40 112 49 122 144 107 128 33 99 78 116 85 97 26 62 67 110 33 79 49 129 130 67 122 43 36 35 95 128 91 144 109
3 7 7 8 9 10 19 21 23 23 90 65 42 92 87 53 79 40 127 112 49 122 144 107 128 33 99 78 116 85 97 26 62 67 110 33 79 49 129 130 67 122 43 36 35 95 128 91 144 109
3 7 7 8 9 10 19 21 23 23 90 65 42 92 87 53 79 40 49 112 127 122 144 107 128 33 99 78 116 85 97 26 62 67 110 33 79 49 129 130 67 122 43 36 35 95 128 91 144 109
3 7 7 8 9 10 19 21 23 23 90 65 42 92 87 53 79 40 49 107 127 122 144 112 128 33 99 78 116 85 97 26 62 67 110 33 79 49 129 130 67 122 43 36 35 95 128 91 144 109
3 7 7 8 9 10 19 21 23 23 90 65 42 92 87 53 79 40 49 107 33 122 144 112 128 127 99 78 116 85 97 26 62 67 110 33 79 49 129 130 67 122 43 36 35 95 128 91 144 109
3 7 7 8 9 10 19 21 23 23 90 65 42 92 87 53 79 40 49 107 33 99 144 112 128 127 122 78 116 85 97 26 62 67 110 33 79 49 129 130 67 122 43 36 35 95 128 91 144 109
3 7 7 8 9 10 19 21 23 23 90 65 42 92 87 53 79 40 49 107 33 99 78 112 128 127 122 144 116 85 97 26 62 67 110 33 79 49 129 130 67 122 43 36 35 95 128 91 144 109
3 7 7 8 9 10 19 21 23 23 90 65 42 92 87 53 79 40 49 107 33 99 78 85 128 127 122 144 116 112 97 26 62 67 110 33 79 49 129 130 67 122 43 36 35 95 128 91 144 109
3 7 7 8 9 10 19 21 23 23 90 65 42 92 87 53 79 40 49 107 33 99 78 85 97 127 122 144 116 112 128 26 62 67 110 33 79 49 129 130 67 122 43 36 35 95 128 91 144 109
3 7 7 8 9 10 19 21 23 23 90 65 42 92 87 53 79 40 49 107 33 99 78 85 97 26 122 144 116 112 128 127 62 67 110 33 79 49 129 130 67 122 43 36 35 95 128 91 144 109
3 7 7 8 9 10 19 21 23 23 90 65 42 92 87 53 79 40 49 107 33 99 78 85 97 26 62 144 116 112 128 127 122 67 110 33 79 49 129 130 67 122 43 36 35 95 128 91 144 109
3 7 7 8 9 10 19 21 23 23 90 65 42 92 87 53 79 40 49 107 33 99 78 85 97 26 62 67 116 112 128 127 122 144 110 33 79 49 129 130 67 122 43 36 35 95 128 91 144 109
3 7 7 8 9 10 19 21 23 23 90 65 42 92 87 53 79 40 49 107 33 99 78 85 97 26 62 67 33 112 128 127 122 144 110 116 79 49 129 130 67 122 43 36 35 95 128 91 144 109
3 7 7 8 9 10 19 21 23 23 90 65 42 92 87 53 79 40 49 107 33 99 78 85 97 26 62 67 33 79 128 127 122 144 110 116 112 49 129 130 67 122 43 36 35 95 128 91 144 109
3 7 7 8 9 10 19 21 23 23 90 65 42 92 87 53 79 40 49 107 33 99 78 85 97 26 62 67 33 79 49 127 122 144 110 116 112 128 129 130 67 122 43 36 35 95 128 91 144 109
3 7 7 8 9 10 19 21 23 23 90 65 42 92 87 53 79 40 49 107 33 99 78 85 97 26 62 67 33 79 49 67 122 144 110 116 112 128 129 130 127 122 43 36 35 95 128 91 144 109
3 7 7 8 9 10 19 21 23 23 90 65 42 92 87 53 79 40 49 107 33 99 78 85 97 26 62 67 33 79 49 67 43 144 110 116 112 128 129 130 127 122 122 36 35 95 128 91 144 109
3 7 7 8 9 10 19 21 23 23 90 65 42 92 87 53 79 40 49 107 33 99 78 85 97 26 62 67 33 79 49 67 43 36 110 116 112 128 129 130 127 122 122 144 35 95 128 91 144 109
3 7 7 8 9 10 19 21 23 23 90 65 42 92 87 53 79 40 49 107 33 99 78 85 97 26 62 67 33 79 49 67 43 36 35 116 112 128 129 130 127 122 122 144 110 95 128 91 144 109
3 7 7 8 9 10 19 21 23 23 90 65 42 92 87 53 79 40 49 107 33 99 78 85 97 26 62 67 33 79 49 67 43 36 35 95 112 128 129 130 127 122 122 144 110 116 128 91 144 109
3 7 7 8 9 10 19 21 23 23 90 65 42 92 87 53 79 40 49 107 33 99 78 85 97 26 62 67 33 79 49 67 43 36 35 95 91 128 129 130 127 122 122 144 110 116 128 112 144 109
3 7 7 8 9 10 19 21 23 23 90 65 42 92 87 53 79 40 49 107 33 99 78 85 97 26 62 67 33 79 49 67 43 36 35 95 91 109 129 130 127 122 122 144 110 116 128 112 144 128
3 7 7 8 9 10 19 21 23 23 90 65 42 92 87 53 79 40 49 107 33 99 78 85 97 26 62 67 33 79 49 67 43 36 35 95 91
3 7 7 8 9 10 19 21 23 23 90 65 42 92 87 53 79 40 49 107 33 99 78 85 97 26 62 67 33 79 49 67 43 36 35 95 91
3 7 7 8 9 10 19 21 23 23 90 65 42 92 87 53 79 40 49 107 33 99 78 85 97 26 62 67 33 79 49 67 43 36 35 95 91
3 7 7 8 9 10 19 21 23 23 90 65 42 87 92 53 79 40 49 107 33 99 78 85 97 26 62 67 33 79 49 67 43 36 35 95 91
3 7 7 8 9 10 19 21 23 23 90 65 42 87 53 92 79 40 49 107 33 99 78 85 97 26 62 67 33 79 49 67 43 36 35 95 91
3 7 7 8 9 10 19 21 23 23 90 65 42 87 53 79 92 40 49 107 33 99 78 85 97 26 62 67 33 79 49 67 43 36 35 95 91
3 7 7 8 9 10 19 21 23 23 90 65 42 87 53 79 40 92 49 107 33 99 78 85 97 26 62 67 33 79 49 67 43 36 35 95 91
3 7 7 8 9 10 19 21 23 23 90 65 42 87 53 79 40 49 92 107 33 99 78 85 97 26 62 67 33 79 49 67 43 36 35 95 91
3 7 7 8 9 10 19 21 23 23 90 65 42 87 53 79 40 49 33 107 92 99 78 85 97 26 62 67 33 79 49 67 43 36 35 95 91
3 7 7 8 9 10 19 21 23 23 90 65 42 87 53 79 40 49 33 78 92 99 107 85 97 26 62 67 33 79 49 67 43 36 35 95 91
3 7 7 8 9 10 19 21 23 23 90 65 42 87 53 79 40 49 33 78 85 99 107 92 97 26 62 67 33 79 49 67 43 36 35 95 91
3 7 7 8 9 10 19 21 23 23 90 65 42 87 53 79 40 49 33 78 85 26 107 92 97 99 62 67 33 79 49 67 43 36 35 95 91
3 7 7 8 9 10 19 21 23 23 90 65 42 87 53 79 40 49 33 78 85 26 62 92 97 99 107 67 33 79 49 67 43 36 35 95 91
3 7 7 8 9 10 19 21 23 23 90 65 42 87 53 79 40 49 33 78 85 26 62 67 97 99 107 92 33 79 49 67 43 36 35 95 91
3 7 7 8 9 10 19 21 23 23 90 65 42 87 53 79 40 49 33 78 85 26 62 67 33 99 107 92 97 79 49 67 43 36 35 95 91
3 7 7 8 9 10 19 21 23 23 90 65 42 87 53 79 40 49 33 78 85 26 62 67 33 79 107 92 97 99 49 67 43 36 35 95 91
3 7 7 8 9 10 19 21 23 23 90 65 42 87 53 79 40 49 33 78 85 26 62 67 33 79 49 92 97 99 107 67 43 36 35 95 91
3 7 7 8 9 10 19 21 23 23 90 65 42 87 53 79 40 49 33 78 85 26 62 67 33 79 49 67 97 99 107 92 43 36 35 95 91
3 7 7 8 9 10 19 21 23 23 90 65 42 87 53 79 40 49 33 78 85 26 62 67 33 79 49 67 43 99 107 92 97 36 35 95 91
3 7 7 8 9 10 19 21 23 23 90 65 42 87 53 79 40 49 33 78 85 26 62 67 33 79 49 67 43 36 107 92 97 99 35 95 91
3 7 7 8 9 10 19 21 23 23 90 65 42 87 53 79 40 49 33 78 85 26 62 67 33 79 49 67 43 36 35 92 97 99 107 95 91
3 7 7 8 9 10 19 21 23 23 90 65 42 87 53 79 40 49 33 78 85 26 62 67 33 79 49 67 43 36 35 91 97 99 107 95 92
3 7 7 8 9 10 19 21 23 23 33 65 42 87 53 79 40 49 90 78 85 26 62 67 33 79 49 67 43 36 35
3 7 7 8 9 10 19 21 23 23 33 26 42 87 53 79 40 49 90 78 85 65 62 67 33 79 49 67 43 36 35
3 7 7 8 9 10 19 21 23 23 33 26 33 87 53 79 40 49 90 78 85 65 62 67 42 79 49 67 43 36 35
3 7 7 8 9 10 19 21 23 23 33 26 33 35 53 79 40 49 90 78 85 65 62 67 42 79 49 67 43 36 87
3 7 7 8 9 10 19 21 23 23 33 26 33
3 7 7 8 9 10 19 21 23 23 33 26 33
3 7 7 8 9 10 19 21 23 23 33 26 33
3 7 7 8 9 10 19 21 23 23 26 33
3 7 7 8 9 10 19 21 23 23 26 33 33 35 53 79 40 49 90 78 85 65 62 67 42 79 49 67 43 36 87
3 7 7 8 9 10 19 21 23 23 26 33 33 35 53 79 40 49 90 78 85 65 62 67 42 79 49 67 43 36 87
3 7 7 8 9 10 19 21 23 23 26 33 33 35 53 79 40 49 90 78 85 65 62 67 42 79 49 67 43 36 87
3 7 7 8 9 10 19 21 23 23 26 33 33 35 53 79 40 49 90 78 85 65 62 67 42 79 49 67 43 36 87
3 7 7 8 9 10 19 21 23 23 26 33 33 35 53 79 40 49 78 90 85 65 62 67 42 79 49 67 43 36 87
3 7 7 8 9 10 19 21 23 23 26 33 33 35 53 79 40 49 78 85 90 65 62 67 42 79 49 67 43 36 87
3 7 7 8 9 10 19 21 23 23 26 33 33 35 53 79 40 49 78 85 65 90 62 67 42 79 49 67 43 36 87
3 7 7 8 9 10 19 21 23 23 26 33 33 35 53 79 40 49 78 85 65 62 90 67 42 79 49 67 43 36 87
3 7 7 8 9 10 19 21 23 23 26 33 33 35 53 79 40 49 78 85 65 62 67 90 42 79 49 67 43 36 87
3 7 7 8 9 10 19 21 23 23 26 33 33 35 53 79 40 49 78 85 65 62 67 42 90 79 49 67 43 36 87
3 7 7 8 9 10 19 21 23 23 26 33 33 35 53 79 40 49 78 85 65 62 67 42 79 90 49 67 43 36 87
3 7 7 8 9 10 19 21 23 23 26 33 33 35 53 79 40 49 78 85 65 62 67 42 79 49 90 67 43 36 87
3 7 7 8 9 10 19 21 23 23 26 33 33 35 53 79 40 49 78 85 65 62 67 42 79 49 67 90 43 36 87
3 7 7 8 9 10 19 21 23 23 26 33 33 35 53 79 40 49 78 85 65 62 67 42 79 49 67 43 90 36 87
3 7 7 8 9 10 19 21 23 23 26 33 33 35 53 79 40 49 78 85 65 62 67 42 79 49 67 43 36 90 87
3 7 7 8 9 10 19 21 23 23 26 33 33 35 53 79 40 49 78 85 65 62 67 42 79 49 67 43 36 87 90
3 7 7 8 9 10 19 21 23 23 26 33 33 35 36 79 40 49 78 85 65 62 67 42 79 49 67 43 53
3 7 7 8 9 10 19 21 23 23 26 33 33 35 36 40 79 49 78 85 65 62 67 42 79 49 67 43 53
3 7 7 8 9 10 19 21 23 23 26 33 33 35 36 40 49 79 78 85 65 62 67 42 79 49 67 43 53
3 7 7 8 9 10 19 21 23 23 26 33 33 35 36 40 49 42 78 85 65 62 67 79 79 49 67 43 53
3 7 7 8 9 10 19 21 23 23 26 33 33 35 36 40 49 42 49 85 65 62 67 79 79 78 67 43 53
3 7 7 8 9 10 19 21 23 23 26 33 33 35 36 40 49 42 49 43 65 62 67 79 79 78 67 85 53
3 7 7 8 9 10 19 21 23 23 26 33 33 35 36 40 49 42 49 43 53 62 67 79 79 78 67 85 65
3 7 7 8 9 10 19 21 23 23 26 33 33 35 36 40 49 42 49 43
3 7 7 8 9 10 19 21 23 23 26 33 33 35 36 40 42 49 49 43
3 7 7 8 9 10 19 21 23 23 26 33 33 35 36 40 42 43 49 49
3 7 7 8 9 10 19 21 23 23 26 33 33 35 36 40 42
3 7 7 8 9 10 19 21 23 23 26 33 33 35 36 40 42
3 7 7 8 9 10 19 21 23 23 26 33 33 35 36 40 42 43 49 49
3 7 7 8 9 10 19 21 23 23 26 33 33 35 36 40 42 43 49 49
3 7 7 8 9 10 19 21 23 23 26 33 33 35 36 40 42 43 49 49 53 62 67 79 79 78 67 85 65
3 7 7 8 9 10 19 21 23 23 26 33 33 35 36 40 42 43 49 49 53 62 65 79 79 78 67 85 67
3 7 7 8 9 10 19 21 23 23 26 33 33 35 36 40 42 43 49 49 53 62 65 67 79 78 79 85 67
3 7 7 8 9 10 19 21 23 23 26 33 33 35 36 40 42 43 49 49 53 62 65 67 67 78 79 85 79
3 7 7 8 9 10 19 21 23 23 26 33 33 35 36 40 42 43 49 49 53 62 65 67 67 78 79 85 79
3 7 7 8 9 10 19 21 23 23 26 33 33 35 36 40 42 43 49 49 53 62 65 67 67 78 79 85 79
3 7 7 8 9 10 19 21 23 23 26 33 33 35 36 40 42 43 49 49 53 62 65 67 67 78 79 79 85
3 7 7 8 9 10 19 21 23 23 26 33 33 35 36 40 42 43 49 49 53 62 65 67 67 78 79
3 7 7 8 9 10 19 21 23 23 26 33 33 35 36 40 42 43 49 49 53 62 65 67 67 78 79
3 7 7 8 9 10 19 21 23 23 26 33 33 35 36 40 42 43 49 49 53 62 65 67 67 78 79 79 85 87 90 91 92 99 107 95 97
3 7 7 8 9 10 19 21 23 23 26 33 33 35 36 40 42 43 49 49 53 62 65 67 67 78 79 79 85 87 90 91 92 95 107 99 97
3 7 7 8 9 10 19 21 23 23 26 33 33 35 36 40 42 43 49 49 53 62 65 67 67 78 79 79 85 87 90 91 92 95 97 99 107
3 7 7 8 9 10 19 21 23 23 26 33 33 35 36 40 42 43 49 49 53 62 65 67 67 78 79 79 85 87 90 91 92 95 97 99 107
3 7 7 8 9 10 19 21 23 23 26 33 33 35 36 40 42 43 49 49 53 62 65 67 67 78 79 79 85 87 90 91 92 95 97 99 107
3 7 7 8 9 10 19 21 23 23 26 33 33 35 36 40 42 43 49 49 53 62 65 67 67 78 79 79 85 87 90 91 92 95 97 99 107 109 127 130 129 122 122 144 110 116 128 112 144 128
3 7 7 8 9 10 19 21 23 23 26 33 33 35 36 40 42 43 49 49 53 62 65 67 67 78 79 79 85 87 90 91 92 95 97 99 107 109 127 122 129 130 122 144 110 116 128 112 144 128
3 7 7 8 9 10 19 21 23 23 26 33 33 35 36 40 42 43 49 49 53 62 65 67 67 78 79 79 85 87 90 91 92 95 97 99 107 109 127 122 122 130 129 144 110 116 128 112 144 128
3 7 7 8 9 10 19 21 23 23 26 33 33 35 36 40 42 43 49 49 53 62 65 67 67 78 79 79 85 87 90 91 92 95 97 99 107 109 127 122 122 110 129 144 130 116 128 112 144 128
3 7 7 8 9 10 19 21 23 23 26 33 33 35 36 40 42 43 49 49 53 62 65 67 67 78 79 79 85 87 90 91 92 95 97 99 107 109 127 122 122 110 116 144 130 129 128 112 144 128
3 7 7 8 9 10 19 21 23 23 26 33 33 35 36 40 42 43 49 49 53 62 65 67 67 78 79 79 85 87 90 91 92 95 97 99 107 109 127 122 122 110 116 128 130 129 144 112 144 128
3 7 7 8 9 10 19 21 23 23 26 33 33 35 36 40 42 43 49 49 53 62 65 67 67 78 79 79 85 87 90 91 92 95 97 99 107 109 127 122 122 110 116 128 112 129 144 130 144 128
3 7 7 8 9 10 19 21 23 23 26 33 33 35 36 40 42 43 49 49 53 62 65 67 67 78 79 79 85 87 90 91 92 95 97 99 107 109 127 122 122 110 116 128 112 128 144 130 144 129
3 7 7 8 9 10 19 21 23 23 26 33 33 35 36 40 42 43 49 49 53 62 65 67 67 78 79 79 85 87 90 91 92 95 97 99 107 109 110 122 122 127 116 128 112
3 7 7 8 9 10 19 21 23 23 26 33 33 35 36 40 42 43 49 49 53 62 65 67 67 78 79 79 85 87 90 91 92 95 97 99 107 109 110 112 122 127 116 128 122
3 7 7 8 9 10 19 21 23 23 26 33 33 35 36 40 42 43 49 49 53 62 65 67 67 78 79 79 85 87 90 91 92 95 97 99 107 109 110 112 122 127 116 128 122
3 7 7 8 9 10 19 21 23 23 26 33 33 35 36 40 42 43 49 49 53 62 65 67 67 78 79 79 85 87 90 91 92 95 97 99 107 109 110 112 122 116 127 128 122
3 7 7 8 9 10 19 21 23 23 26 33 33 35 36 40 42 43 49 49 53 62 65 67 67 78 79 79 85 87 90 91 92 95 97 99 107 109 110 112 122 116 122 128 127
3 7 7 8 9 10 19 21 23 23 26 33 33 35 36 40 42 43 49 49 53 62 65 67 67 78 79 79 85 87 90 91 92 95 97 99 107 109 110 112 116 122
3 7 7 8 9 10 19 21 23 23 26 33 33 35 36 40 42 43 49 49 53 62 65 67 67 78 79 79 85 87 90 91 92 95 97 99 107 109 110 112 116 122 122 127 128
3 7 7 8 9 10 19 21 23 23 26 33 33 35 36 40 42 43 49 49 53 62 65 67 67 78 79 79 85 87 90 91 92 95 97 99 107 109 110 112 116 122 122 127 128 128 129 130 144 144
3 7 7 8 9 10 19 21 23 23 26 33 33 35 36 40 42 43 49 49 53 62 65 67 67 78 79 79 85 87 90 91 92 95 97 99 107 109 110 112 116 122 122 127 128 128 129 130 144 144
3 7 7 8 9 10 19 21 23 23 26 33 33 35 36 40 42 43 49 49 53 62 65 67 67 78 79 79 85 87 90 91 92 95 97 99 107 109 110 112 116 122 122 127 128 128 129 130 144 144
3 7 7 8 9 10 19 21 23 23 26 33 33 35 36 40 42 43 49 49 53 62 65 67 67 78 79 79 85 87 90 91 92 95 97 99 107 109 110 112 116 122 122 127 128 128 129 130 144 144
3 7 7 8 9 10 19 21 23 23 26 33 33 35 36 40 42 43 49 49 53 62 65 67 67 78 79 79 85 87 90 91 92 95 97 99 107 109 110 112 116 122 122 127 128 128 129 130 144
3 7 7 8 9 10 19 21 23 23 26 33 33 35 36 40 42 43 49 49 53 62 65 67 67 78 79 79 85 87 90 91 92 95 97 99 107 109 110 112 116 122 122 127 128 128 129 130 144
